[ INFO ] Mode: classify
[ INFO ] Input file: data/databases/problema_real2.txt
[ INFO ] Creating network with 2 layers
[ INFO ]     Neurons per layer: 9 1 
[ INFO ]     Thresholds: 0.000000 0.000000 0.000000 0.000000 0.000000 0.000000 0.000000 0.000000 0.000000 0.000000 
---Epoca 0--
-0.500000	-0.500000	-0.500000	-0.500000	-0.500000	-0.500000	-0.500000	-0.500000	-0.500000	

-0.500000	-0.479913	-0.462849	-0.485063	-0.497565	-0.471676	-0.492171	-0.500000	-0.448495	

-0.497283	-0.456584	-0.443916	-0.478134	-0.495599	-0.455015	-0.483334	-0.496150	-0.402298	

-0.494794	-0.437757	-0.435593	-0.470096	-0.494349	-0.437487	-0.474645	-0.496150	-0.359992	

-0.494794	-0.420960	-0.422205	-0.461929	-0.483159	-0.425509	-0.473504	-0.494604	-0.341431	

-0.494794	-0.394352	-0.398013	-0.449855	-0.483159	-0.399652	-0.470048	-0.493858	-0.296712	

-0.493541	-0.386580	-0.391904	-0.445809	-0.478629	-0.395209	-0.468870	-0.492439	-0.286066	

-0.488873	-0.375469	-0.373689	-0.434698	-0.476518	-0.380897	-0.464567	-0.491777	-0.246383	

-0.486604	-0.357150	-0.352825	-0.429684	-0.474786	-0.369631	-0.460351	-0.489206	-0.207816	

-0.484116	-0.329660	-0.332026	-0.419957	-0.466288	-0.351606	-0.449263	-0.489206	-0.165524	

-0.484116	-0.308262	-0.309939	-0.412032	-0.466288	-0.335483	-0.437267	-0.481941	-0.125897	

-0.479214	-0.281382	-0.284661	-0.401197	-0.456189	-0.314864	-0.428139	-0.479163	-0.084223	

-0.474845	-0.262630	-0.267008	-0.394884	-0.444558	-0.301471	-0.419640	-0.477925	-0.047090	

-0.475740	-0.262630	-0.269003	-0.395858	-0.444558	-0.303330	-0.419988	-0.478737	-0.050133	

-0.470091	-0.241821	-0.252209	-0.395858	-0.444558	-0.292310	-0.416762	-0.478203	-0.018120	

-0.466697	-0.228551	-0.239913	-0.395858	-0.444558	-0.279368	-0.415986	-0.477722	0.010729	

-0.465693	-0.226979	-0.238555	-0.394664	-0.444198	-0.277970	-0.415611	-0.476829	0.013166	

-0.461721	-0.224567	-0.235471	-0.393458	-0.443149	-0.275339	-0.414923	-0.474819	0.017990	

-0.449151	-0.202559	-0.197639	-0.377646	-0.443149	-0.250373	-0.410781	-0.443480	0.060725	

-0.447299	-0.186344	-0.189897	-0.365681	-0.440060	-0.230055	-0.409369	-0.437183	0.092210	

-0.445832	-0.183600	-0.187597	-0.364622	-0.438954	-0.228490	-0.408851	-0.435260	0.095328	

-0.445576	-0.181454	-0.186347	-0.362465	-0.438954	-0.227363	-0.408389	-0.433771	0.097506	

-0.442525	-0.167061	-0.173593	-0.362465	-0.438954	-0.217237	-0.405455	-0.432907	0.123441	

-0.439112	-0.149365	-0.159326	-0.357243	-0.435320	-0.204353	-0.397540	-0.432424	0.152450	

-0.440639	-0.150981	-0.161265	-0.357935	-0.435320	-0.205566	-0.399023	-0.433818	0.149565	

-0.422136	-0.130010	-0.140638	-0.350246	-0.433006	-0.194731	-0.389248	-0.418090	0.184516	

-0.411176	-0.101132	-0.114982	-0.333851	-0.409001	-0.173240	-0.380640	-0.410016	0.221778	

-0.396180	-0.089404	-0.102026	-0.333851	-0.409001	-0.163400	-0.379671	-0.405767	0.247273	

-0.391244	-0.077447	-0.091021	-0.333851	-0.409001	-0.154365	-0.379241	-0.404718	0.268250	

-0.391244	-0.067211	-0.080153	-0.329561	-0.409001	-0.148553	-0.377926	-0.404393	0.287749	

-0.386197	-0.054127	-0.068199	-0.329561	-0.409001	-0.137366	-0.375032	-0.401534	0.309196	

-0.393522	-0.068758	-0.078150	-0.329561	-0.409001	-0.148477	-0.375424	-0.407241	0.293632	

-0.398868	-0.078226	-0.087587	-0.329561	-0.409001	-0.156107	-0.375702	-0.415572	0.278483	

-0.396261	-0.067698	-0.077777	-0.326458	-0.406696	-0.147486	-0.369362	-0.415203	0.300647	

-0.395093	-0.059556	-0.067359	-0.323877	-0.404466	-0.141212	-0.366504	-0.414541	0.320505	

-0.393637	-0.048912	-0.053967	-0.311004	-0.402564	-0.125975	-0.357636	-0.411240	0.345260	

-0.394654	-0.061795	-0.063606	-0.316019	-0.405160	-0.133526	-0.359637	-0.417293	0.327968	

-0.389694	-0.050201	-0.050474	-0.311803	-0.402668	-0.124604	-0.359277	-0.415185	0.349047	

-0.386717	-0.036791	-0.037201	-0.302947	-0.399109	-0.113104	-0.344995	-0.409703	0.374348	

-0.387987	-0.056211	-0.037201	-0.302947	-0.399109	-0.127028	-0.346875	-0.416896	0.352771	

-0.381989	-0.051725	-0.026839	-0.302947	-0.399109	-0.119431	-0.342443	-0.411798	0.373162	

-0.379922	-0.043643	-0.017910	-0.298028	-0.399109	-0.111157	-0.342053	-0.410919	0.390731	

-0.374252	-0.035161	-0.007480	-0.293979	-0.398585	-0.104146	-0.339880	-0.408027	0.410010	

-0.363761	-0.021116	0.006042	-0.285508	-0.396609	-0.095541	-0.339080	-0.401340	0.432303	

-0.377773	-0.036004	-0.002605	-0.290612	-0.396609	-0.104061	-0.340054	-0.406160	0.415289	

-0.376893	-0.029050	0.004259	-0.288967	-0.396609	-0.099047	-0.337889	-0.405911	0.430243	

-0.369434	-0.013093	0.015000	-0.282416	-0.393611	-0.087865	-0.332348	-0.403445	0.451378	

-0.359646	-0.006333	0.027275	-0.277632	-0.393611	-0.077946	-0.327712	-0.396165	0.472178	

-0.364478	-0.025230	0.014144	-0.285642	-0.400336	-0.089271	-0.329343	-0.399589	0.451639	

-0.362154	-0.017920	0.020837	-0.285642	-0.400336	-0.084835	-0.328983	-0.399589	0.464810	

-0.360073	-0.008630	0.031714	-0.285642	-0.400336	-0.078691	-0.325342	-0.390152	0.482503	

-0.358201	-0.000279	0.039277	-0.279279	-0.398569	-0.070417	-0.324343	-0.389091	0.498412	

-0.360608	-0.013375	0.026195	-0.286850	-0.402971	-0.083622	-0.334356	-0.392502	0.477949	

-0.360608	-0.028638	0.013591	-0.296347	-0.409653	-0.097877	-0.337127	-0.393633	0.455336	

-0.370174	-0.038757	0.001446	-0.302130	-0.413391	-0.107087	-0.338531	-0.398150	0.437267	

-0.371355	-0.052107	-0.015338	-0.307751	-0.416713	-0.116900	-0.339869	-0.406180	0.417191	

-0.370432	-0.042770	-0.008392	-0.305710	-0.415786	-0.111684	-0.339018	-0.405395	0.432885	

-0.361208	-0.028881	0.004461	-0.298318	-0.410092	-0.103171	-0.338224	-0.399421	0.455287	

-0.359259	-0.021097	0.014778	-0.295337	-0.408800	-0.095372	-0.334186	-0.398869	0.471848	

-0.359259	-0.037961	0.005406	-0.300863	-0.419567	-0.105198	-0.342274	-0.398869	0.452792	

-0.357456	-0.029375	0.013701	-0.297490	-0.419567	-0.099486	-0.340775	-0.398103	0.468124	

-0.369743	-0.039739	0.013701	-0.302310	-0.419567	-0.109040	-0.344143	-0.404262	0.452056	

-0.367815	-0.031627	0.020685	-0.299852	-0.417747	-0.103032	-0.340232	-0.404262	0.468444	

-0.361798	-0.019968	0.033093	-0.299852	-0.417747	-0.095441	-0.334415	-0.391989	0.488899	

-0.364431	-0.039432	0.016955	-0.308130	-0.420920	-0.110279	-0.339841	-0.393107	0.466526	

-0.374585	-0.053782	0.004220	-0.308130	-0.420920	-0.120859	-0.341610	-0.399581	0.444947	

-0.363528	-0.033643	0.018747	-0.296852	-0.410065	-0.106973	-0.334272	-0.390183	0.471800	

-0.363528	-0.026185	0.028136	-0.296852	-0.410065	-0.102971	-0.333335	-0.390183	0.483732	

-0.363528	-0.017307	0.037747	-0.290654	-0.407134	-0.093136	-0.329565	-0.389904	0.500483	

-0.353322	-0.003644	0.053391	-0.282846	-0.404366	-0.080692	-0.327056	-0.379782	0.522171	

-0.348900	0.005980	0.063251	-0.282846	-0.404366	-0.072938	-0.326632	-0.373768	0.537207	

-0.348900	0.015883	0.072638	-0.275571	-0.404366	-0.064344	-0.324923	-0.373094	0.550681	

-0.347673	0.023129	0.079048	-0.275571	-0.404366	-0.060366	-0.324527	-0.371704	0.561107	

-0.336491	0.031526	0.089436	-0.275571	-0.404366	-0.054794	-0.324128	-0.365631	0.576950	

-0.342547	0.014279	0.074245	-0.275571	-0.404366	-0.063924	-0.326315	-0.382363	0.551209	

-0.333781	0.032348	0.086460	-0.275571	-0.404366	-0.056679	-0.322553	-0.368082	0.569836	

-0.329895	0.038029	0.093824	-0.271871	-0.403257	-0.050732	-0.320940	-0.367421	0.583049	

-0.331463	0.022442	0.074605	-0.278266	-0.407823	-0.064432	-0.324637	-0.375859	0.556404	

-0.328025	0.036247	0.087776	-0.273737	-0.407823	-0.058227	-0.320882	-0.371963	0.571012	

-0.325240	0.044592	0.094956	-0.273737	-0.407823	-0.053358	-0.320043	-0.368215	0.582850	

-0.314834	0.052907	0.105397	-0.270553	-0.407823	-0.047267	-0.316138	-0.357895	0.600541	

-0.313680	0.057174	0.110061	-0.268983	-0.407220	-0.042487	-0.315769	-0.357241	0.610351	

-0.313680	0.063051	0.114983	-0.265723	-0.407220	-0.038242	-0.315432	-0.357098	0.618929	

-0.313058	0.068968	0.121912	-0.260968	-0.405572	-0.032762	-0.314805	-0.356570	0.629496	

-0.311239	0.078813	0.127658	-0.259422	-0.403988	-0.028015	-0.313832	-0.354336	0.639805	

-0.316651	0.062405	0.112072	-0.263409	-0.405728	-0.038482	-0.321690	-0.355358	0.609135	

-0.313422	0.066613	0.118970	-0.263409	-0.405728	-0.035769	-0.321260	-0.354291	0.618283	

-0.313422	0.045858	0.118970	-0.263409	-0.405728	-0.052041	-0.332241	-0.356296	0.588203	

-0.322952	0.024914	0.103036	-0.268269	-0.410980	-0.064423	-0.337261	-0.367868	0.565061	

-0.322158	0.033410	0.109226	-0.264358	-0.408557	-0.058655	-0.333098	-0.367868	0.578546	

-0.323693	0.017499	0.095543	-0.272705	-0.413367	-0.072299	-0.339936	-0.371780	0.552463	

-0.322866	0.027333	0.104064	-0.269052	-0.410378	-0.067253	-0.335437	-0.371312	0.566512	

-0.320108	0.032257	0.112713	-0.266355	-0.409601	-0.060352	-0.335032	-0.370530	0.578236	

-0.328626	0.014879	0.097790	-0.275045	-0.417451	-0.072130	-0.341295	-0.377081	0.557547	

-0.330103	0.002957	0.080921	-0.281319	-0.422792	-0.085222	-0.342956	-0.386284	0.532448	

-0.329119	0.014246	0.088323	-0.281319	-0.422792	-0.078567	-0.338607	-0.374856	0.549172	

-0.329119	-0.003129	0.072244	-0.286924	-0.422792	-0.090010	-0.340713	-0.381862	0.521149	

-0.335849	-0.018688	0.056490	-0.296305	-0.425172	-0.101945	-0.342745	-0.387201	0.498268	

-0.343126	-0.038276	0.040941	-0.296305	-0.425172	-0.112854	-0.344506	-0.402666	0.477649	

-0.339892	-0.029113	0.051156	-0.292090	-0.423417	-0.104223	-0.337690	-0.400527	0.495975	

-0.336628	-0.023841	0.058207	-0.292090	-0.423417	-0.097193	-0.335836	-0.399603	0.509850	

-0.336628	-0.016591	0.068214	-0.285222	-0.421757	-0.088891	-0.334194	-0.398331	0.525111	

-0.336628	-0.031366	0.055347	-0.289608	-0.426669	-0.099384	-0.347136	-0.399870	0.502026	

-0.335703	-0.024763	0.063595	-0.285992	-0.424532	-0.090739	-0.344498	-0.398036	0.517748	

-0.318995	-0.013183	0.076489	-0.274194	-0.424532	-0.078821	-0.343565	-0.389296	0.539596	

-0.325086	-0.030787	0.061635	-0.274194	-0.424532	-0.090858	-0.355768	-0.389728	0.513709	

-0.324399	-0.024589	0.068920	-0.274194	-0.424532	-0.084323	-0.355174	-0.388753	0.525402	

-0.323453	-0.015910	0.076825	-0.266801	-0.421150	-0.075820	-0.352861	-0.387950	0.541475	

-0.323453	-0.028399	0.060445	-0.266801	-0.421150	-0.085711	-0.359596	-0.404206	0.517685	

-0.314377	-0.019238	0.071827	-0.266801	-0.421150	-0.075134	-0.356244	-0.392634	0.536973	

-0.326218	-0.032882	0.061560	-0.266801	-0.421150	-0.086234	-0.366138	-0.397107	0.514605	

-0.335920	-0.044118	0.048717	-0.274841	-0.423928	-0.094806	-0.371086	-0.400543	0.493989	

-0.327963	-0.030880	0.062974	-0.266917	-0.423928	-0.085590	-0.368503	-0.394746	0.513314	

-0.327142	-0.024113	0.070522	-0.264825	-0.421619	-0.080766	-0.366066	-0.394513	0.527266	

-0.334967	-0.041881	0.059930	-0.272236	-0.428448	-0.091443	-0.367494	-0.400847	0.508264	

-0.334215	-0.036326	0.068094	-0.268788	-0.427965	-0.084858	-0.367369	-0.400635	0.521033	

-0.331304	-0.028984	0.078102	-0.266148	-0.426307	-0.077383	-0.364037	-0.395960	0.537533	

-0.327917	-0.018478	0.088129	-0.262262	-0.424606	-0.071184	-0.363355	-0.394521	0.551925	

-0.317848	-0.006780	0.099042	-0.253893	-0.422492	-0.061802	-0.360951	-0.388497	0.570945	

-0.309475	-0.002273	0.109413	-0.248042	-0.422492	-0.054071	-0.360829	-0.383226	0.586760	

-0.308777	0.002890	0.116028	-0.244006	-0.421412	-0.047420	-0.359192	-0.382632	0.598629	

-0.314084	-0.024476	0.097788	-0.244006	-0.421412	-0.061089	-0.362621	-0.386642	0.568557	

-0.326811	-0.038088	0.087443	-0.251218	-0.427187	-0.072321	-0.367732	-0.391750	0.550527	

-0.325116	-0.028799	0.087443	-0.251218	-0.427187	-0.064058	-0.366343	-0.386950	0.564928	

-0.322920	-0.024194	0.094380	-0.247733	-0.426525	-0.058549	-0.365200	-0.386535	0.577374	

-0.313691	-0.010772	0.105525	-0.242504	-0.424465	-0.050521	-0.364560	-0.379562	0.594806	

-0.325873	-0.026303	0.105525	-0.242504	-0.424465	-0.062094	-0.365720	-0.386896	0.568921	

-0.323506	-0.019462	0.110362	-0.239821	-0.422975	-0.055938	-0.363876	-0.385779	0.582334	

-0.333969	-0.040141	0.093960	-0.247603	-0.428888	-0.067370	-0.367152	-0.391708	0.560099	

-0.330288	-0.030520	0.104217	-0.245257	-0.425634	-0.059910	-0.364714	-0.388319	0.575742	

-0.330288	-0.055020	0.090829	-0.253176	-0.433649	-0.075142	-0.369194	-0.391206	0.550995	

-0.323209	-0.039575	0.102996	-0.246757	-0.429073	-0.066383	-0.362676	-0.385188	0.571053	

-0.319503	-0.029415	0.110743	-0.244867	-0.424772	-0.059927	-0.359656	-0.382563	0.586805	

-0.314400	-0.022043	0.121407	-0.239229	-0.424772	-0.052236	-0.355978	-0.380877	0.601261	

-0.312229	-0.015091	0.126450	-0.237999	-0.423536	-0.046827	-0.353099	-0.380056	0.613564	

-0.304598	-0.006464	0.133681	-0.237999	-0.423536	-0.041607	-0.352174	-0.376813	0.626538	

-0.303946	0.000021	0.139132	-0.235449	-0.422147	-0.036023	-0.350337	-0.375704	0.637622	

-0.299469	0.008315	0.148488	-0.231492	-0.422147	-0.027858	-0.347296	-0.365812	0.652842	

-0.298214	0.014292	0.156012	-0.227009	-0.420128	-0.021750	-0.346530	-0.364566	0.663515	

-0.298214	0.017937	0.162302	-0.227009	-0.420128	-0.017614	-0.342943	-0.354762	0.676304	

-0.292013	0.025842	0.170725	-0.227009	-0.420128	-0.012705	-0.341081	-0.345319	0.689479	

-0.284010	0.032212	0.177619	-0.222062	-0.420128	-0.004189	-0.340827	-0.340990	0.701848	

-0.296904	0.009196	0.158112	-0.222062	-0.420128	-0.022576	-0.343220	-0.352472	0.670534	

-0.296381	0.013647	0.163365	-0.220994	-0.419392	-0.019220	-0.341016	-0.351434	0.679435	

-0.292129	0.020513	0.170475	-0.220994	-0.419392	-0.013034	-0.338291	-0.348680	0.689760	

-0.292129	0.000619	0.148540	-0.220994	-0.419392	-0.030508	-0.341298	-0.349854	0.654549	

-0.293709	-0.016164	0.137534	-0.231735	-0.424693	-0.043835	-0.351434	-0.352987	0.627696	

-0.293170	-0.012091	0.143237	-0.228623	-0.424292	-0.039578	-0.350989	-0.352682	0.636850	

-0.289470	-0.003347	0.149837	-0.224220	-0.422211	-0.034216	-0.349200	-0.351633	0.649431	

-0.294453	-0.021419	0.133172	-0.231279	-0.428552	-0.047850	-0.354879	-0.354457	0.621194	

-0.293808	-0.014782	0.140186	-0.227000	-0.427593	-0.041474	-0.354021	-0.353177	0.632164	

-0.292718	-0.009779	0.144894	-0.224036	-0.426979	-0.037995	-0.353824	-0.353177	0.641429	

-0.304975	-0.029835	0.128241	-0.232371	-0.426979	-0.050572	-0.357883	-0.363596	0.615382	

-0.300246	-0.022801	0.135929	-0.228083	-0.425902	-0.044422	-0.357631	-0.360023	0.628780	

-0.299721	-0.019188	0.141193	-0.226478	-0.425481	-0.040886	-0.356850	-0.359577	0.637700	

-0.299233	-0.014706	0.147181	-0.224901	-0.425481	-0.037533	-0.355709	-0.359162	0.646001	

-0.298796	-0.009584	0.152170	-0.224901	-0.425481	-0.033097	-0.355208	-0.358296	0.653424	

-0.298252	-0.005326	0.156874	-0.222586	-0.425032	-0.030407	-0.353612	-0.357679	0.662681	

-0.297290	-0.001892	0.156874	-0.222586	-0.425032	-0.030407	-0.352823	-0.357679	0.670857	

-0.289967	0.008192	0.165446	-0.222586	-0.425032	-0.025267	-0.352270	-0.350831	0.683306	

-0.304126	-0.013321	0.149169	-0.222586	-0.425032	-0.040917	-0.352925	-0.360861	0.653217	

-0.303154	-0.009684	0.154183	-0.221016	-0.424514	-0.037345	-0.352392	-0.360723	0.661483	

-0.303154	-0.003232	0.161234	-0.218046	-0.421911	-0.032659	-0.350459	-0.360211	0.671725	

-0.309145	-0.019146	0.146624	-0.222629	-0.425583	-0.043626	-0.362049	-0.370396	0.646262	

-0.304283	-0.008539	0.155432	-0.216981	-0.423304	-0.034162	-0.359149	-0.369019	0.660038	

-0.304283	0.006460	0.166518	-0.211432	-0.417872	-0.022145	-0.351145	-0.358326	0.677378	

-0.299760	0.012282	0.174802	-0.209455	-0.417872	-0.018429	-0.350409	-0.353382	0.688363	

-0.295367	0.021243	0.182147	-0.206094	-0.414518	-0.012141	-0.349468	-0.349441	0.700809	

-0.294086	0.025672	0.186788	-0.206094	-0.414518	-0.009652	-0.348923	-0.347142	0.708069	

-0.294086	0.029059	0.191035	-0.203438	-0.413811	-0.006237	-0.348469	-0.346810	0.714711	

-0.305740	-0.003135	0.172089	-0.203438	-0.413811	-0.021443	-0.351994	-0.352313	0.681691	

-0.305300	-0.003135	0.176263	-0.200817	-0.413811	-0.017872	-0.350999	-0.352188	0.689180	

-0.304933	0.000483	0.179842	-0.199070	-0.413811	-0.015325	-0.350664	-0.352188	0.695417	

-0.301777	0.006759	0.187404	-0.195852	-0.412480	-0.009073	-0.349871	-0.348434	0.706145	

-0.305510	-0.010375	0.166598	-0.195852	-0.412480	-0.021841	-0.352323	-0.364827	0.674416	

-0.304511	-0.006850	0.171194	-0.193898	-0.411978	-0.017764	-0.350804	-0.364686	0.682910	

-0.319715	-0.026236	0.148418	-0.193898	-0.411978	-0.031439	-0.353301	-0.365224	0.650601	

-0.319715	-0.042095	0.132419	-0.205182	-0.414285	-0.046711	-0.358926	-0.365732	0.620102	

-0.310325	-0.032879	0.145028	-0.205182	-0.414285	-0.038276	-0.358232	-0.358476	0.634615	

-0.318762	-0.048944	0.129509	-0.205182	-0.414285	-0.054437	-0.360474	-0.368038	0.605928	

-0.325469	-0.067756	0.129509	-0.205182	-0.414285	-0.068412	-0.363200	-0.368989	0.577424	

-0.324874	-0.064168	0.134646	-0.205182	-0.414285	-0.065129	-0.361742	-0.368146	0.587531	

-0.324874	-0.085353	0.121911	-0.214363	-0.414285	-0.079862	-0.379984	-0.369716	0.563993	

-0.315816	-0.077569	0.131448	-0.214363	-0.414285	-0.073692	-0.379092	-0.359165	0.581102	

-0.315816	-0.096602	0.115728	-0.225986	-0.414285	-0.088546	-0.380557	-0.359649	0.552044	

-0.315816	-0.083334	0.127943	-0.225986	-0.414285	-0.077576	-0.367341	-0.352682	0.570218	

-0.312589	-0.077093	0.135814	-0.221596	-0.412858	-0.070809	-0.365185	-0.352453	0.583936	

-0.321269	-0.100949	0.120090	-0.221596	-0.412858	-0.079423	-0.365721	-0.368030	0.559342	

-0.321269	-0.125366	0.098064	-0.228056	-0.412858	-0.092630	-0.369660	-0.376642	0.533504	

-0.321269	-0.119240	0.105449	-0.225293	-0.412858	-0.092630	-0.367126	-0.376642	0.545516	

-0.319931	-0.114121	0.111976	-0.223359	-0.412858	-0.088002	-0.367092	-0.376453	0.556892	

-0.316333	-0.107240	0.123004	-0.216173	-0.411882	-0.079412	-0.365238	-0.374414	0.572181	

-0.323466	-0.121306	0.108295	-0.223206	-0.411882	-0.091085	-0.371264	-0.380072	0.547930	

-0.334260	-0.138636	0.095928	-0.229526	-0.411882	-0.104455	-0.374094	-0.387548	0.527541	

-0.342131	-0.148539	0.086714	-0.235950	-0.415631	-0.111954	-0.379367	-0.394239	0.514160	

-0.342131	-0.164870	0.068729	-0.235950	-0.415631	-0.123696	-0.386447	-0.398810	0.489226	

-0.356631	-0.174730	0.057539	-0.235950	-0.415631	-0.132512	-0.389580	-0.404183	0.470265	

-0.345339	-0.155259	0.071026	-0.226900	-0.409472	-0.120742	-0.382449	-0.385900	0.497688	

-0.345339	-0.146887	0.079063	-0.226900	-0.409472	-0.115211	-0.378701	-0.383386	0.512774	

-0.351560	-0.160635	0.064847	-0.226900	-0.409472	-0.127536	-0.386630	-0.389026	0.491623	

-0.348410	-0.153139	0.074795	-0.221546	-0.407236	-0.119051	-0.382720	-0.387836	0.509471	

-0.347456	-0.145272	0.083836	-0.218139	-0.407236	-0.112476	-0.375677	-0.387566	0.525692	

-0.349959	-0.156441	0.069886	-0.227713	-0.412039	-0.123160	-0.381427	-0.390403	0.504417	

-0.349959	-0.149903	0.076465	-0.227713	-0.412039	-0.118935	-0.380000	-0.389539	0.517364	

-0.356797	-0.162012	0.064078	-0.233719	-0.412039	-0.126904	-0.384029	-0.398581	0.497989	

-0.357971	-0.174190	0.049351	-0.243900	-0.417230	-0.141691	-0.386135	-0.401908	0.478026	

-0.357971	-0.162799	0.060476	-0.239699	-0.417230	-0.133889	-0.383686	-0.401639	0.494183	

-0.357143	-0.156395	0.067859	-0.236321	-0.417230	-0.127765	-0.383000	-0.401639	0.508257	

-0.355334	-0.148861	0.075420	-0.233708	-0.415049	-0.119814	-0.382213	-0.401383	0.523632	

-0.354155	-0.134520	0.089230	-0.229094	-0.407699	-0.107139	-0.373665	-0.401048	0.543690	

-0.352110	-0.121836	0.100055	-0.223013	-0.403715	-0.097247	-0.371803	-0.398732	0.561065	

-0.350667	-0.114842	0.106894	-0.220313	-0.403715	-0.091999	-0.371730	-0.397914	0.573335	

-0.360598	-0.134016	0.093846	-0.220313	-0.403715	-0.102926	-0.374871	-0.403943	0.549217	

-0.371190	-0.143109	0.081153	-0.226976	-0.403715	-0.115163	-0.383005	-0.409045	0.531211	

-0.370431	-0.136205	0.088346	-0.224524	-0.403715	-0.110066	-0.382526	-0.408400	0.544116	

-0.364451	-0.122379	0.102012	-0.224524	-0.403715	-0.110066	-0.377647	-0.392134	0.564447	

-0.362277	-0.114805	0.109886	-0.220460	-0.401204	-0.102220	-0.364861	-0.390903	0.582921	

-0.361548	-0.109223	0.116190	-0.218971	-0.400573	-0.097191	-0.362202	-0.390282	0.595326	

-0.361548	-0.126368	0.104011	-0.230972	-0.400889	-0.114055	-0.381251	-0.391552	0.576276	

-0.359923	-0.117945	0.111933	-0.227244	-0.400889	-0.106482	-0.379706	-0.390172	0.590084	

-0.373316	-0.130581	0.098870	-0.233391	-0.400889	-0.115813	-0.380319	-0.397381	0.567317	

-0.374686	-0.149566	0.085122	-0.233391	-0.400889	-0.129352	-0.391697	-0.402040	0.544022	

-0.379279	-0.167655	0.073602	-0.233391	-0.400889	-0.139282	-0.395298	-0.402474	0.517995	

-0.379279	-0.160512	0.082159	-0.233391	-0.400889	-0.135515	-0.392342	-0.401100	0.531732	

-0.375503	-0.153692	0.089788	-0.229861	-0.399959	-0.128867	-0.390780	-0.399228	0.547779	

-0.373105	-0.146761	0.098031	-0.229861	-0.399959	-0.122893	-0.390530	-0.396737	0.561368	

-0.367927	-0.137253	0.108422	-0.222290	-0.398398	-0.113420	-0.389139	-0.393215	0.578975	

-0.364785	-0.128107	0.117615	-0.222290	-0.398398	-0.107211	-0.388147	-0.391213	0.592327	

-0.363388	-0.121162	0.126374	-0.220034	-0.397402	-0.102752	-0.386956	-0.391213	0.604200	

-0.362688	-0.115922	0.132425	-0.217176	-0.396782	-0.097446	-0.385207	-0.390816	0.616108	

-0.362688	-0.139021	0.121848	-0.226467	-0.401633	-0.111985	-0.389362	-0.391246	0.590299	

-0.355949	-0.123175	0.133428	-0.226467	-0.401633	-0.104417	-0.387519	-0.376927	0.609391	

-0.364699	-0.143786	0.121585	-0.232417	-0.401633	-0.115785	-0.393571	-0.384010	0.588142	

-0.354478	-0.128235	0.131554	-0.232417	-0.401633	-0.106696	-0.392666	-0.379376	0.605518	

-0.349395	-0.115532	0.142604	-0.232417	-0.401633	-0.098016	-0.391632	-0.366702	0.622801	

-0.354810	-0.132749	0.131133	-0.237389	-0.406139	-0.109981	-0.399149	-0.376523	0.604387	

-0.353698	-0.118286	0.143841	-0.229448	-0.395300	-0.098541	-0.394233	-0.375893	0.623293	

-0.351627	-0.112474	0.149037	-0.227217	-0.394106	-0.094062	-0.393852	-0.375306	0.635033	

-0.351014	-0.105028	0.155354	-0.224926	-0.393355	-0.089996	-0.393060	-0.375306	0.645447	

-0.350540	-0.101804	0.158988	-0.224926	-0.393355	-0.087702	-0.392441	-0.375306	0.653508	

-0.348283	-0.094451	0.165905	-0.219939	-0.391239	-0.080441	-0.392048	-0.373814	0.666294	

-0.348283	-0.090523	0.171566	-0.219939	-0.391239	-0.076272	-0.390120	-0.372951	0.674928	

-0.353649	-0.107550	0.153124	-0.229061	-0.391239	-0.090591	-0.391665	-0.374978	0.644523	

-0.353649	-0.126577	0.153124	-0.229061	-0.391239	-0.109293	-0.394046	-0.377398	0.615475	

-0.352445	-0.117621	0.160507	-0.229061	-0.391239	-0.105800	-0.392962	-0.377228	0.625710	

-0.364811	-0.133972	0.142509	-0.229061	-0.391239	-0.117183	-0.399505	-0.386571	0.602351	

-0.363980	-0.125565	0.147605	-0.222420	-0.390187	-0.109708	-0.398286	-0.385629	0.616480	

-0.373513	-0.143160	0.130905	-0.232607	-0.390187	-0.126960	-0.400847	-0.391417	0.593328	

-0.381463	-0.158606	0.122359	-0.238785	-0.394181	-0.135736	-0.405051	-0.397209	0.574021	

-0.387287	-0.177913	0.107143	-0.238785	-0.394181	-0.153552	-0.406742	-0.401747	0.549270	

-0.382335	-0.169915	0.117080	-0.233229	-0.394181	-0.144092	-0.404643	-0.400063	0.566107	

-0.382335	-0.182693	0.102167	-0.243408	-0.400069	-0.158876	-0.409017	-0.403673	0.544448	

-0.379201	-0.172837	0.110319	-0.236483	-0.400069	-0.150910	-0.405385	-0.401009	0.562207	

-0.384053	-0.184075	0.099502	-0.245555	-0.402482	-0.161603	-0.412666	-0.402728	0.541588	

-0.385483	-0.205105	0.084755	-0.245555	-0.402482	-0.174937	-0.412770	-0.409616	0.517275	

-0.377844	-0.199354	0.096616	-0.245555	-0.402482	-0.165924	-0.410291	-0.403432	0.535826	

-0.377844	-0.217652	0.096616	-0.245555	-0.402482	-0.176473	-0.417411	-0.406719	0.513913	

-0.376617	-0.209200	0.109274	-0.236999	-0.401076	-0.162073	-0.408340	-0.402894	0.534781	

-0.367774	-0.201214	0.117745	-0.233241	-0.401076	-0.155240	-0.407875	-0.396317	0.553572	

-0.367774	-0.193959	0.126070	-0.229468	-0.400219	-0.148580	-0.404659	-0.396317	0.568082	

-0.378865	-0.201187	0.118085	-0.230568	-0.405011	-0.155043	-0.410349	-0.402340	0.552369	

-0.378865	-0.190689	0.127419	-0.226476	-0.403139	-0.155043	-0.397790	-0.402340	0.570162	

-0.369983	-0.181347	0.140414	-0.226476	-0.403139	-0.145086	-0.395292	-0.393218	0.589036	

-0.369366	-0.176253	0.146440	-0.224901	-0.403139	-0.142237	-0.394983	-0.393218	0.599538	

-0.367226	-0.169404	0.150812	-0.223325	-0.403139	-0.138190	-0.394662	-0.393016	0.611660	

-0.378850	-0.179374	0.138443	-0.230510	-0.403139	-0.150720	-0.401159	-0.400201	0.593696	

-0.368397	-0.166269	0.151552	-0.226290	-0.403139	-0.143073	-0.387900	-0.390946	0.615908	

-0.367855	-0.166269	0.155178	-0.224447	-0.403139	-0.139680	-0.387656	-0.390792	0.625125	

-0.379432	-0.184200	0.140122	-0.229039	-0.403139	-0.149717	-0.394686	-0.394801	0.603258	

-0.377696	-0.177634	0.151006	-0.224613	-0.403139	-0.142352	-0.393338	-0.389638	0.618012	

-0.377696	-0.193876	0.128302	-0.236196	-0.407008	-0.167532	-0.395929	-0.391736	0.592831	

-0.387928	-0.207170	0.113230	-0.236196	-0.407008	-0.178494	-0.397797	-0.395878	0.567982	

-0.386037	-0.195758	0.124033	-0.233302	-0.405792	-0.172577	-0.393109	-0.395878	0.584055	

-0.392169	-0.208138	0.110361	-0.233302	-0.405792	-0.185006	-0.394033	-0.400221	0.557994	

-0.392169	-0.189134	0.127354	-0.225701	-0.387277	-0.167052	-0.390600	-0.399453	0.581028	

-0.393342	-0.203492	0.113951	-0.234874	-0.391520	-0.180753	-0.392789	-0.407762	0.561086	

-0.393342	-0.187847	0.125764	-0.226720	-0.385804	-0.167215	-0.391323	-0.406182	0.580050	

-0.390812	-0.180749	0.133052	-0.223995	-0.384550	-0.162556	-0.390092	-0.404987	0.594390	

-0.387524	-0.167520	0.145269	-0.221200	-0.384550	-0.153560	-0.389122	-0.391945	0.613022	

-0.392966	-0.184172	0.129724	-0.228601	-0.384550	-0.166830	-0.393822	-0.398113	0.589894	

-0.389953	-0.175381	0.139798	-0.223480	-0.381483	-0.159809	-0.389070	-0.396406	0.606964	

-0.380144	-0.165897	0.153809	-0.223480	-0.381483	-0.148749	-0.384540	-0.380077	0.627809	

-0.384113	-0.186927	0.140903	-0.228429	-0.386800	-0.160951	-0.387709	-0.385700	0.605317	

-0.381927	-0.179184	0.146794	-0.228429	-0.386800	-0.155116	-0.387323	-0.385081	0.617706	

-0.393667	-0.192156	0.132814	-0.234416	-0.389932	-0.165013	-0.388686	-0.394152	0.599563	

-0.396437	-0.209111	0.121619	-0.242187	-0.393689	-0.176102	-0.392145	-0.395722	0.576015	

-0.396437	-0.221820	0.102977	-0.248876	-0.394828	-0.191016	-0.394076	-0.397060	0.549257	

-0.394334	-0.211809	0.114407	-0.239937	-0.391869	-0.180519	-0.393335	-0.396166	0.567135	

-0.395554	-0.225082	0.106247	-0.249270	-0.396625	-0.193036	-0.398073	-0.397203	0.546396	

-0.394574	-0.215251	0.114168	-0.243271	-0.394774	-0.184767	-0.396771	-0.396648	0.563058	

-0.394574	-0.208644	0.121140	-0.239608	-0.394774	-0.179970	-0.395883	-0.396430	0.576143	

-0.394574	-0.193809	0.128692	-0.239608	-0.394774	-0.173956	-0.394498	-0.382916	0.594570	

-0.398658	-0.210126	0.128692	-0.239608	-0.394774	-0.184304	-0.401247	-0.385231	0.571426	

-0.403391	-0.221712	0.117876	-0.243791	-0.400195	-0.191977	-0.403817	-0.395154	0.555335	

-0.395535	-0.210806	0.128457	-0.236447	-0.395196	-0.180700	-0.400472	-0.386993	0.577592	

-0.403795	-0.230463	0.113660	-0.236447	-0.395196	-0.192598	-0.403667	-0.393679	0.557533	

-0.411281	-0.242474	0.103490	-0.241537	-0.399145	-0.202768	-0.406642	-0.397656	0.541625	

-0.406483	-0.233013	0.113383	-0.241537	-0.399145	-0.196545	-0.405785	-0.395209	0.557937	

-0.402656	-0.226263	0.124849	-0.238447	-0.399145	-0.189443	-0.404125	-0.391685	0.574202	

-0.398996	-0.213507	0.141850	-0.231188	-0.393261	-0.171731	-0.397022	-0.391340	0.594943	

-0.396936	-0.208838	0.141850	-0.231188	-0.393261	-0.171731	-0.396544	-0.391145	0.606616	

-0.403569	-0.224511	0.127062	-0.239081	-0.397526	-0.182351	-0.399269	-0.392648	0.584064	

-0.393822	-0.217884	0.138832	-0.234478	-0.397526	-0.173681	-0.397681	-0.387432	0.602475	

-0.388013	-0.209078	0.150705	-0.234478	-0.397526	-0.164654	-0.393120	-0.384689	0.618934	

-0.388013	-0.226509	0.150705	-0.234478	-0.397526	-0.180491	-0.398787	-0.388696	0.594892	

-0.386441	-0.219827	0.157715	-0.231405	-0.397526	-0.174577	-0.397132	-0.388696	0.608255	

-0.384736	-0.212580	0.165793	-0.227781	-0.396309	-0.166260	-0.395610	-0.387488	0.622749	

-0.370517	-0.198480	0.179828	-0.221134	-0.396309	-0.155033	-0.394182	-0.380774	0.642892	

-0.380609	-0.208487	0.170218	-0.227281	-0.401802	-0.163385	-0.396929	-0.389590	0.628595	

-0.393292	-0.226599	0.157140	-0.227281	-0.401802	-0.175596	-0.401155	-0.394262	0.607034	

-0.391697	-0.219751	0.163587	-0.222535	-0.400359	-0.171190	-0.400709	-0.394036	0.620595	

-0.399385	-0.234782	0.142588	-0.222535	-0.400359	-0.191800	-0.402171	-0.397086	0.594453	

-0.400437	-0.250963	0.131157	-0.230044	-0.406551	-0.202458	-0.411179	-0.397384	0.576574	

-0.398774	-0.246155	0.139270	-0.225519	-0.405448	-0.197189	-0.410521	-0.396441	0.590714	

-0.407154	-0.257632	0.128890	-0.232801	-0.407880	-0.206131	-0.414299	-0.401454	0.574884	

-0.413079	-0.266193	0.116671	-0.237233	-0.407880	-0.214837	-0.424156	-0.405147	0.554740	

-0.419848	-0.273385	0.107947	-0.242986	-0.411536	-0.223283	-0.427737	-0.410421	0.540357	

-0.417816	-0.264061	0.115306	-0.238497	-0.410250	-0.214920	-0.425967	-0.410133	0.557623	

-0.412465	-0.256055	0.126940	-0.233038	-0.410250	-0.207435	-0.424569	-0.405281	0.575818	

-0.401662	-0.243200	0.140487	-0.233038	-0.410250	-0.199362	-0.417100	-0.391125	0.598774	

-0.385249	-0.231574	0.156496	-0.225365	-0.407364	-0.188966	-0.413030	-0.381437	0.622025	

-0.383991	-0.218743	0.170520	-0.215100	-0.402308	-0.176568	-0.403131	-0.374308	0.643411	

-0.394644	-0.228621	0.159724	-0.221191	-0.405227	-0.186946	-0.408101	-0.381717	0.626948	

-0.394644	-0.220605	0.165659	-0.219511	-0.403623	-0.182746	-0.406036	-0.381717	0.639877	

-0.388330	-0.212376	0.174750	-0.213786	-0.400958	-0.174214	-0.405983	-0.374263	0.657766	

-0.388330	-0.203020	0.181389	-0.210993	-0.396155	-0.168721	-0.404349	-0.374263	0.671730	

-0.384950	-0.194689	0.189866	-0.209269	-0.394678	-0.163989	-0.401988	-0.370432	0.686095	

-0.383153	-0.184910	0.197882	-0.202852	-0.394678	-0.154881	-0.395314	-0.369668	0.701374	

-0.382544	-0.181236	0.204498	-0.197678	-0.394128	-0.149761	-0.393794	-0.369668	0.711722	

-0.381820	-0.174526	0.210149	-0.195093	-0.392163	-0.145137	-0.389825	-0.369258	0.724034	

-0.385062	-0.187341	0.195692	-0.203911	-0.397375	-0.160744	-0.396838	-0.370176	0.696476	

-0.389841	-0.205213	0.177935	-0.203911	-0.397375	-0.174627	-0.400584	-0.380557	0.669396	

-0.396267	-0.222284	0.160025	-0.203911	-0.397375	-0.187774	-0.405925	-0.383288	0.642084	

-0.394764	-0.214936	0.166728	-0.201100	-0.397375	-0.181909	-0.404054	-0.383288	0.654862	

-0.389505	-0.208008	0.172835	-0.196630	-0.396248	-0.175536	-0.402285	-0.382791	0.669762	

---Epoca 1--
-0.389505	-0.222125	0.154151	-0.204401	-0.396248	-0.188082	-0.410879	-0.390131	0.643859	

-0.389505	-0.217636	0.162453	-0.201063	-0.395703	-0.181752	-0.409129	-0.390131	0.655369	

-0.388759	-0.211231	0.167651	-0.199160	-0.395164	-0.177178	-0.406703	-0.389074	0.668053	

-0.388027	-0.205692	0.170100	-0.196796	-0.394796	-0.172021	-0.404147	-0.389074	0.680498	

-0.388027	-0.226040	0.153882	-0.206688	-0.408350	-0.186530	-0.405529	-0.390947	0.658015	

-0.388027	-0.218962	0.160317	-0.203477	-0.408350	-0.179652	-0.404610	-0.390749	0.669910	

-0.390694	-0.235512	0.147310	-0.212091	-0.417997	-0.189112	-0.407117	-0.393772	0.647240	

-0.389288	-0.232165	0.152796	-0.208745	-0.417361	-0.184801	-0.405821	-0.393572	0.659192	

-0.388627	-0.226828	0.158874	-0.207284	-0.416856	-0.181519	-0.404593	-0.392823	0.670427	

-0.387760	-0.217252	0.166120	-0.203896	-0.413896	-0.175240	-0.400730	-0.392823	0.685160	

-0.387760	-0.210286	0.173310	-0.201316	-0.413896	-0.169992	-0.396825	-0.390458	0.698059	

-0.386048	-0.200898	0.182138	-0.197531	-0.410369	-0.162790	-0.393637	-0.389488	0.712615	

-0.384467	-0.194115	0.188524	-0.195248	-0.406162	-0.157946	-0.390563	-0.389040	0.726046	

-0.392874	-0.194115	0.169781	-0.204395	-0.406162	-0.175411	-0.393834	-0.396663	0.697463	

-0.391054	-0.187412	0.175191	-0.204395	-0.406162	-0.171861	-0.392795	-0.396491	0.707776	

-0.390010	-0.183326	0.178976	-0.204395	-0.406162	-0.167877	-0.392556	-0.396343	0.716657	

-0.398865	-0.197197	0.166990	-0.214932	-0.409339	-0.180216	-0.395870	-0.404228	0.695152	

-0.413835	-0.206286	0.155368	-0.219477	-0.413293	-0.190131	-0.398463	-0.411802	0.676974	

-0.408268	-0.196539	0.172122	-0.212474	-0.413293	-0.179074	-0.396628	-0.397922	0.695901	

-0.407419	-0.189110	0.175669	-0.206993	-0.411877	-0.169766	-0.395982	-0.395038	0.710325	

-0.415614	-0.204435	0.162823	-0.212913	-0.418053	-0.178512	-0.398874	-0.405776	0.692911	

-0.417664	-0.221594	0.152827	-0.230160	-0.418053	-0.187521	-0.402571	-0.417680	0.675490	

-0.416360	-0.215443	0.158278	-0.230160	-0.418053	-0.183193	-0.401317	-0.417311	0.686573	

-0.414695	-0.206810	0.165238	-0.227613	-0.416279	-0.176908	-0.397456	-0.417075	0.700725	

-0.424664	-0.217355	0.152582	-0.232132	-0.416279	-0.184822	-0.407136	-0.426177	0.681895	

-0.413813	-0.205057	0.164678	-0.227623	-0.414923	-0.178468	-0.401404	-0.416953	0.702392	

-0.407234	-0.187724	0.180078	-0.217782	-0.400514	-0.165569	-0.396237	-0.412107	0.724758	

-0.399502	-0.181677	0.186758	-0.217782	-0.400514	-0.160495	-0.395738	-0.409916	0.737903	

-0.397340	-0.176439	0.191578	-0.217782	-0.400514	-0.156537	-0.395549	-0.409457	0.747092	

-0.397340	-0.172587	0.195668	-0.216168	-0.400514	-0.154350	-0.395054	-0.409334	0.754428	

-0.394875	-0.166199	0.201505	-0.216168	-0.400514	-0.148887	-0.393641	-0.407938	0.764902	

-0.406978	-0.190374	0.185063	-0.216168	-0.400514	-0.167246	-0.394289	-0.417368	0.739184	

-0.415948	-0.206259	0.169230	-0.216168	-0.400514	-0.180049	-0.394756	-0.431347	0.713768	

-0.414489	-0.200366	0.174721	-0.214431	-0.399224	-0.175224	-0.391207	-0.431140	0.726174	

-0.413915	-0.196369	0.179835	-0.213163	-0.398129	-0.172144	-0.389804	-0.430815	0.735923	

-0.413068	-0.190176	0.187626	-0.205675	-0.397023	-0.163280	-0.384645	-0.428895	0.750324	

-0.414602	-0.209602	0.173092	-0.213237	-0.400937	-0.174666	-0.387662	-0.438021	0.724248	

-0.411801	-0.203056	0.180507	-0.210856	-0.399530	-0.169628	-0.387459	-0.436831	0.736151	

-0.409812	-0.194091	0.189380	-0.204936	-0.397151	-0.161940	-0.377911	-0.433166	0.753065	

-0.411309	-0.216996	0.189380	-0.204936	-0.397151	-0.178362	-0.380128	-0.441649	0.727616	

-0.407754	-0.214337	0.195522	-0.204936	-0.397151	-0.173859	-0.377501	-0.438628	0.739702	

-0.406631	-0.209948	0.200371	-0.202265	-0.397151	-0.169366	-0.377290	-0.438151	0.749244	

-0.403234	-0.204866	0.206619	-0.199839	-0.396837	-0.165166	-0.375988	-0.436418	0.760793	

-0.396157	-0.195391	0.215741	-0.194124	-0.395504	-0.159361	-0.375448	-0.431906	0.775832	

-0.414379	-0.214753	0.204496	-0.200762	-0.395504	-0.170441	-0.376714	-0.438176	0.753705	

-0.413888	-0.210868	0.208331	-0.199843	-0.395504	-0.167640	-0.375505	-0.438037	0.762060	

-0.408286	-0.198884	0.216398	-0.194923	-0.393252	-0.159242	-0.371344	-0.436185	0.777933	

-0.401629	-0.194286	0.224747	-0.191669	-0.393252	-0.152495	-0.368190	-0.431233	0.792079	

-0.407623	-0.217724	0.208458	-0.201605	-0.401594	-0.166543	-0.370214	-0.435479	0.766603	

-0.406259	-0.213435	0.212386	-0.201605	-0.401594	-0.163940	-0.370003	-0.435479	0.774332	

-0.404800	-0.206922	0.220013	-0.201605	-0.401594	-0.159632	-0.367449	-0.428863	0.786738	

-0.403565	-0.201411	0.225003	-0.197406	-0.400427	-0.154173	-0.366791	-0.428163	0.797235	

-0.406518	-0.217477	0.208953	-0.206694	-0.405828	-0.170372	-0.379075	-0.432347	0.772131	

-0.406518	-0.235832	0.193797	-0.218115	-0.413863	-0.187514	-0.382407	-0.433707	0.744939	

-0.418576	-0.248586	0.178489	-0.225403	-0.418575	-0.199123	-0.384177	-0.439401	0.722163	

-0.420047	-0.265216	0.157581	-0.232405	-0.422713	-0.211347	-0.385842	-0.449404	0.697156	

-0.419359	-0.258261	0.162754	-0.230886	-0.422022	-0.207462	-0.385209	-0.448820	0.708844	

-0.411732	-0.246777	0.173383	-0.224773	-0.417315	-0.200423	-0.384552	-0.443880	0.727368	

-0.410308	-0.241090	0.180920	-0.222595	-0.416371	-0.194724	-0.381602	-0.443476	0.739468	

-0.410308	-0.259726	0.170564	-0.228702	-0.428269	-0.205583	-0.390540	-0.443476	0.718410	

-0.408966	-0.253339	0.176735	-0.226192	-0.428269	-0.201333	-0.389424	-0.442906	0.729816	

-0.421426	-0.263848	0.176735	-0.231080	-0.428269	-0.211022	-0.392840	-0.449152	0.713523	

-0.419909	-0.257465	0.182230	-0.229146	-0.426836	-0.206295	-0.389763	-0.449152	0.726417	

-0.414673	-0.247317	0.193029	-0.229146	-0.426836	-0.199688	-0.384700	-0.438470	0.744221	

-0.417559	-0.268659	0.175335	-0.238223	-0.430316	-0.215956	-0.390649	-0.439696	0.719690	

-0.428647	-0.284328	0.161429	-0.238223	-0.430316	-0.227510	-0.392581	-0.446765	0.696127	

-0.418258	-0.265404	0.175079	-0.227625	-0.420115	-0.214461	-0.385686	-0.437934	0.721359	

-0.418258	-0.260292	0.181515	-0.227625	-0.420115	-0.211719	-0.385043	-0.437934	0.729538	

-0.418258	-0.253082	0.189321	-0.222591	-0.417735	-0.203730	-0.381982	-0.437707	0.743143	

-0.409078	-0.240792	0.203392	-0.215569	-0.415245	-0.192537	-0.379724	-0.428604	0.762651	

-0.405196	-0.232346	0.212046	-0.215569	-0.415245	-0.185732	-0.379352	-0.423325	0.775847	

-0.405196	-0.224241	0.219729	-0.209614	-0.415245	-0.178699	-0.377954	-0.422774	0.786874	

-0.404207	-0.218397	0.224898	-0.209614	-0.415245	-0.175490	-0.377634	-0.421653	0.795283	

-0.394449	-0.211070	0.233963	-0.209614	-0.415245	-0.170628	-0.377286	-0.416354	0.809107	

-0.400801	-0.229157	0.218032	-0.209614	-0.415245	-0.180203	-0.379580	-0.433900	0.782112	

-0.391716	-0.210432	0.230690	-0.209614	-0.415245	-0.172695	-0.375681	-0.419100	0.801417	

-0.388694	-0.206013	0.236418	-0.206737	-0.414383	-0.168070	-0.374426	-0.418586	0.811693	

-0.390397	-0.222946	0.215539	-0.213684	-0.419344	-0.182952	-0.378443	-0.427752	0.782747	

-0.387193	-0.210080	0.227815	-0.209463	-0.419344	-0.177169	-0.374943	-0.424122	0.796362	

-0.384659	-0.202488	0.234347	-0.209463	-0.419344	-0.172740	-0.374180	-0.420712	0.807130	

-0.375234	-0.194957	0.243803	-0.206579	-0.419344	-0.167224	-0.370643	-0.411364	0.823154	

-0.374359	-0.191724	0.247336	-0.205390	-0.418887	-0.163602	-0.370364	-0.410869	0.830586	

-0.374359	-0.187077	0.251229	-0.202812	-0.418887	-0.160245	-0.370097	-0.410756	0.837370	

-0.373881	-0.182520	0.256565	-0.199149	-0.417617	-0.156025	-0.369614	-0.410349	0.845508	

-0.371970	-0.172178	0.262601	-0.197525	-0.415953	-0.151038	-0.368592	-0.408003	0.856337	

-0.377699	-0.189546	0.246103	-0.201745	-0.417795	-0.162117	-0.376909	-0.409085	0.823874	

-0.375408	-0.186560	0.250998	-0.201745	-0.417795	-0.160192	-0.376604	-0.408328	0.830365	

-0.375408	-0.206574	0.250998	-0.201745	-0.417795	-0.175883	-0.387193	-0.410261	0.801359	

-0.384567	-0.226705	0.235682	-0.206417	-0.422843	-0.187785	-0.392018	-0.421384	0.779114	

-0.383843	-0.218952	0.241331	-0.202848	-0.420632	-0.182521	-0.388219	-0.421384	0.791421	

-0.385442	-0.235531	0.227073	-0.211545	-0.425644	-0.196738	-0.395345	-0.425461	0.764242	

-0.384686	-0.226535	0.234868	-0.208204	-0.422910	-0.192122	-0.391229	-0.425032	0.777094	

-0.382493	-0.222620	0.241746	-0.206059	-0.422293	-0.186634	-0.390907	-0.424411	0.786417	

-0.390815	-0.239596	0.227168	-0.214548	-0.429961	-0.198140	-0.397025	-0.430811	0.766206	

-0.392402	-0.252416	0.209029	-0.221295	-0.435703	-0.212217	-0.398811	-0.440706	0.739218	

-0.391401	-0.240927	0.216562	-0.221295	-0.435703	-0.205445	-0.394385	-0.429076	0.756239	

-0.391401	-0.259106	0.199739	-0.227159	-0.435703	-0.217418	-0.396589	-0.436406	0.726918	

-0.398367	-0.275211	0.183431	-0.236870	-0.438167	-0.229772	-0.398692	-0.441932	0.703233	

-0.405090	-0.293308	0.169066	-0.236870	-0.438167	-0.239850	-0.400319	-0.456219	0.684184	

-0.402086	-0.284796	0.178555	-0.232954	-0.436537	-0.231832	-0.393988	-0.454233	0.701208	

-0.399209	-0.280150	0.184769	-0.232954	-0.436537	-0.225638	-0.392354	-0.453418	0.713434	

-0.399209	-0.273941	0.193339	-0.227072	-0.435115	-0.218528	-0.390947	-0.452329	0.726505	

-0.399209	-0.288976	0.180246	-0.231536	-0.440114	-0.229206	-0.404117	-0.453895	0.703013	

-0.398377	-0.283036	0.187665	-0.228283	-0.438191	-0.221428	-0.401744	-0.452245	0.717157	

-0.382030	-0.271706	0.200281	-0.216739	-0.438191	-0.209768	-0.400831	-0.443694	0.738534	

-0.388077	-0.289181	0.185536	-0.216739	-0.438191	-0.221717	-0.412945	-0.444122	0.712835	

-0.387454	-0.283567	0.192134	-0.216739	-0.438191	-0.215797	-0.412407	-0.443239	0.723427	

-0.386577	-0.275515	0.199468	-0.209880	-0.435054	-0.207908	-0.410261	-0.442494	0.738338	

-0.386577	-0.288389	0.182584	-0.209880	-0.435054	-0.218104	-0.417203	-0.459250	0.713817	

-0.377494	-0.279221	0.193974	-0.209880	-0.435054	-0.207520	-0.413849	-0.447670	0.733117	

-0.388891	-0.292353	0.184093	-0.209880	-0.435054	-0.218203	-0.423372	-0.451976	0.711589	

-0.399016	-0.304079	0.170689	-0.218271	-0.437953	-0.227150	-0.428535	-0.455562	0.690073	

-0.391206	-0.291087	0.184682	-0.210495	-0.437953	-0.218104	-0.426000	-0.449872	0.709041	

-0.390481	-0.285106	0.191353	-0.208645	-0.435912	-0.213840	-0.423847	-0.449666	0.721372	

-0.397570	-0.301202	0.181757	-0.215359	-0.442098	-0.223513	-0.425140	-0.455405	0.704157	

-0.396939	-0.296540	0.188610	-0.212465	-0.441693	-0.217986	-0.425035	-0.455226	0.714876	

-0.394240	-0.289734	0.197887	-0.210018	-0.440156	-0.211057	-0.421946	-0.450893	0.730169	

-0.390942	-0.279500	0.207654	-0.206233	-0.438499	-0.205019	-0.421282	-0.449491	0.744188	

-0.380865	-0.267794	0.218575	-0.197858	-0.436384	-0.195629	-0.418876	-0.443463	0.763223	

-0.373545	-0.263854	0.227641	-0.192742	-0.436384	-0.188871	-0.418770	-0.438855	0.777048	

-0.372929	-0.259298	0.233478	-0.189182	-0.435431	-0.183003	-0.417326	-0.438331	0.787520	

-0.378005	-0.285473	0.216032	-0.189182	-0.435431	-0.196077	-0.420605	-0.442166	0.758757	

-0.389561	-0.297833	0.206639	-0.195730	-0.440675	-0.206275	-0.425246	-0.446804	0.742387	

-0.387669	-0.287463	0.206639	-0.195730	-0.440675	-0.197050	-0.423695	-0.441445	0.758464	

-0.385833	-0.283613	0.212438	-0.192817	-0.440122	-0.192445	-0.422740	-0.441099	0.768868	

-0.376215	-0.269624	0.224054	-0.187366	-0.437974	-0.184079	-0.422072	-0.433831	0.787036	

-0.387736	-0.284313	0.224054	-0.187366	-0.437974	-0.195024	-0.423170	-0.440768	0.762555	

-0.385474	-0.277778	0.228675	-0.184804	-0.436551	-0.189143	-0.421408	-0.439700	0.775367	

-0.395328	-0.297252	0.213228	-0.192132	-0.442119	-0.199909	-0.424493	-0.445284	0.754428	

-0.391750	-0.287899	0.223199	-0.189851	-0.438956	-0.192657	-0.422123	-0.441989	0.769635	

-0.391750	-0.310786	0.210693	-0.197249	-0.446443	-0.206886	-0.426308	-0.444686	0.746518	

-0.384476	-0.294916	0.223194	-0.190654	-0.441741	-0.197886	-0.419611	-0.438503	0.767127	

-0.380796	-0.284829	0.230885	-0.188777	-0.437471	-0.191477	-0.416613	-0.435897	0.782766	

-0.376145	-0.278108	0.240607	-0.183637	-0.437471	-0.184465	-0.413259	-0.434359	0.795945	

-0.374034	-0.271350	0.245509	-0.182441	-0.436270	-0.179207	-0.410461	-0.433562	0.807905	

-0.366205	-0.262499	0.252928	-0.182441	-0.436270	-0.173851	-0.409512	-0.430234	0.821215	

-0.365588	-0.256362	0.258087	-0.180028	-0.434955	-0.168567	-0.407774	-0.429185	0.831706	

-0.361149	-0.248137	0.267365	-0.176105	-0.434955	-0.160470	-0.404758	-0.419376	0.846798	

-0.360038	-0.242849	0.274022	-0.172138	-0.433169	-0.155065	-0.404080	-0.418274	0.856242	

-0.360038	-0.239643	0.279554	-0.172138	-0.433169	-0.151428	-0.400925	-0.409651	0.867489	

-0.353698	-0.231559	0.288168	-0.172138	-0.433169	-0.146408	-0.399021	-0.399995	0.880963	

-0.345618	-0.225128	0.295128	-0.167143	-0.433169	-0.137810	-0.398765	-0.395624	0.893450	

-0.358078	-0.247370	0.276277	-0.167143	-0.433169	-0.155579	-0.401078	-0.406720	0.863189	

-0.357631	-0.243571	0.280760	-0.166232	-0.432540	-0.152714	-0.399196	-0.405834	0.870786	

-0.353100	-0.236254	0.288337	-0.166232	-0.432540	-0.146122	-0.396293	-0.402899	0.881790	

-0.353100	-0.256686	0.265809	-0.166232	-0.432540	-0.164068	-0.399381	-0.404105	0.845627	

-0.354679	-0.273463	0.254808	-0.176969	-0.437839	-0.177390	-0.409513	-0.407236	0.818784	

-0.354255	-0.270256	0.259297	-0.174519	-0.437524	-0.174039	-0.409162	-0.406996	0.825991	

-0.350551	-0.261502	0.265905	-0.170110	-0.435440	-0.168671	-0.407372	-0.405947	0.838586	

-0.355570	-0.279704	0.249120	-0.177220	-0.441827	-0.182403	-0.413091	-0.408791	0.810146	

-0.354965	-0.273479	0.255699	-0.173207	-0.440927	-0.176423	-0.412287	-0.407590	0.820435	

-0.354026	-0.269172	0.259752	-0.170656	-0.440399	-0.173428	-0.412117	-0.407590	0.828410	

-0.365838	-0.288499	0.243704	-0.178688	-0.440399	-0.185548	-0.416029	-0.417630	0.803310	

-0.361360	-0.281839	0.250984	-0.174628	-0.439379	-0.179724	-0.415790	-0.414247	0.815997	

-0.360946	-0.278989	0.255137	-0.173361	-0.439047	-0.176934	-0.415174	-0.413895	0.823034	

-0.360538	-0.275241	0.260142	-0.172042	-0.439047	-0.174132	-0.414220	-0.413548	0.829974	

-0.360083	-0.269907	0.265339	-0.172042	-0.439047	-0.169511	-0.413699	-0.412646	0.837705	

-0.359630	-0.266363	0.269254	-0.170116	-0.438673	-0.167272	-0.412370	-0.412132	0.845409	

-0.358810	-0.263435	0.269254	-0.170116	-0.438673	-0.167272	-0.411697	-0.412132	0.852381	

-0.350567	-0.252084	0.278903	-0.170116	-0.438673	-0.161487	-0.411075	-0.404425	0.866394	

-0.364160	-0.272737	0.263276	-0.170116	-0.438673	-0.176512	-0.411704	-0.414054	0.837508	

-0.363371	-0.269788	0.267342	-0.168843	-0.438253	-0.173614	-0.411271	-0.413942	0.844212	

-0.363371	-0.263743	0.273949	-0.166060	-0.435815	-0.169224	-0.409461	-0.413462	0.853807	

-0.369222	-0.279283	0.259682	-0.170536	-0.439400	-0.179934	-0.420778	-0.423408	0.828942	

-0.363945	-0.267771	0.269241	-0.164406	-0.436926	-0.169662	-0.417631	-0.421913	0.843893	

-0.363945	-0.250893	0.281715	-0.158162	-0.430814	-0.156140	-0.408625	-0.409881	0.863405	

-0.359827	-0.245592	0.289258	-0.156361	-0.430814	-0.152756	-0.407955	-0.405380	0.873407	

-0.355207	-0.236169	0.296982	-0.152828	-0.427287	-0.146144	-0.406965	-0.401235	0.886495	

-0.354014	-0.232044	0.301306	-0.152828	-0.427287	-0.143826	-0.406457	-0.399094	0.893258	

-0.354014	-0.229384	0.304639	-0.150742	-0.426732	-0.141145	-0.406101	-0.398833	0.898472	

-0.364954	-0.259606	0.286854	-0.150742	-0.426732	-0.155419	-0.409410	-0.403999	0.867475	

-0.364740	-0.259606	0.288884	-0.149467	-0.426732	-0.153683	-0.408926	-0.403939	0.871116	

-0.364432	-0.256570	0.291888	-0.148002	-0.426732	-0.151545	-0.408645	-0.403939	0.876352	

-0.361300	-0.250341	0.299394	-0.144807	-0.425411	-0.145340	-0.407858	-0.400212	0.887000	

-0.365086	-0.267716	0.278294	-0.144807	-0.425411	-0.158288	-0.410345	-0.416837	0.854823	

-0.364230	-0.264700	0.282227	-0.143135	-0.424981	-0.154799	-0.409044	-0.416716	0.862092	

-0.379541	-0.284221	0.259292	-0.143135	-0.424981	-0.168570	-0.411559	-0.417258	0.829557	

-0.379541	-0.300501	0.242868	-0.154719	-0.427350	-0.184247	-0.417334	-0.417780	0.798249	

-0.369666	-0.290810	0.256128	-0.154719	-0.427350	-0.175377	-0.416604	-0.410149	0.813510	

-0.377974	-0.306629	0.240846	-0.154719	-0.427350	-0.191290	-0.418811	-0.419565	0.785262	

-0.384309	-0.324398	0.240846	-0.154719	-0.427350	-0.204491	-0.421386	-0.420462	0.758340	

-0.383816	-0.321421	0.245108	-0.154719	-0.427350	-0.201766	-0.420176	-0.419764	0.766726	

-0.383816	-0.340677	0.233533	-0.163064	-0.427350	-0.215158	-0.436757	-0.421190	0.745330	

-0.374892	-0.333008	0.242928	-0.163064	-0.427350	-0.209079	-0.435879	-0.410796	0.762186	

-0.374892	-0.352325	0.226974	-0.174860	-0.427350	-0.224155	-0.437365	-0.411287	0.732694	

-0.374892	-0.337974	0.240187	-0.174860	-0.427350	-0.212289	-0.423070	-0.403751	0.752353	

-0.371926	-0.332239	0.247418	-0.170827	-0.426039	-0.206072	-0.421090	-0.403541	0.764956	

-0.379922	-0.354213	0.232935	-0.170827	-0.426039	-0.214006	-0.421583	-0.417889	0.742302	

-0.379922	-0.377847	0.211615	-0.177080	-0.426039	-0.226790	-0.425396	-0.426225	0.717293	

-0.379922	-0.372994	0.217465	-0.174891	-0.426039	-0.226790	-0.423388	-0.426225	0.726808	

-0.378766	-0.368572	0.223103	-0.173221	-0.426039	-0.222792	-0.423359	-0.426061	0.736635	

-0.375475	-0.362278	0.233192	-0.166647	-0.425146	-0.214934	-0.421663	-0.424196	0.750622	

-0.382627	-0.376383	0.218441	-0.173699	-0.425146	-0.226640	-0.427706	-0.429871	0.726303	

-0.392335	-0.391970	0.207319	-0.179384	-0.425146	-0.238665	-0.430251	-0.436595	0.707965	

-0.399430	-0.400896	0.199014	-0.185173	-0.428525	-0.245423	-0.435004	-0.442625	0.695904	

-0.399430	-0.417357	0.180886	-0.185173	-0.428525	-0.257259	-0.442141	-0.447233	0.670772	

-0.413740	-0.427088	0.169842	-0.185173	-0.428525	-0.265960	-0.445233	-0.452535	0.652059	

-0.401989	-0.406825	0.183878	-0.175755	-0.422115	-0.253711	-0.437812	-0.433508	0.680598	

-0.401989	-0.398819	0.191564	-0.175755	-0.422115	-0.248422	-0.434227	-0.431104	0.695024	

-0.408011	-0.412128	0.177801	-0.175755	-0.422115	-0.260354	-0.441903	-0.436564	0.674548	

-0.405093	-0.405184	0.187017	-0.170795	-0.420043	-0.252493	-0.438281	-0.435462	0.691082	

-0.404198	-0.397804	0.195498	-0.167599	-0.420043	-0.246325	-0.431674	-0.435209	0.706299	

-0.406809	-0.409453	0.180948	-0.177584	-0.425053	-0.257469	-0.437671	-0.438167	0.684110	

-0.406809	-0.403472	0.186967	-0.177584	-0.425053	-0.253603	-0.436366	-0.437377	0.695954	

-0.413624	-0.415541	0.174621	-0.183570	-0.425053	-0.261546	-0.440382	-0.446389	0.676643	

-0.414811	-0.427850	0.159735	-0.193861	-0.430300	-0.276492	-0.442510	-0.449752	0.656464	

-0.414811	-0.416659	0.170665	-0.189734	-0.430300	-0.268828	-0.440104	-0.449488	0.672338	

-0.414063	-0.410871	0.177338	-0.186681	-0.430300	-0.263292	-0.439485	-0.449488	0.685059	

-0.412329	-0.403651	0.184584	-0.184177	-0.428210	-0.255672	-0.438730	-0.449242	0.699793	

-0.411104	-0.388761	0.198923	-0.179387	-0.420579	-0.242513	-0.429855	-0.448895	0.720618	

-0.409008	-0.375755	0.210022	-0.173151	-0.416494	-0.232370	-0.427946	-0.446519	0.738435	

-0.407651	-0.369182	0.216450	-0.170614	-0.416494	-0.227437	-0.427877	-0.445751	0.749967	

-0.417003	-0.387236	0.204164	-0.170614	-0.416494	-0.237726	-0.430834	-0.451428	0.727257	

-0.427392	-0.396156	0.191713	-0.177149	-0.416494	-0.249729	-0.438813	-0.456432	0.709595	

-0.426696	-0.389821	0.198313	-0.174899	-0.416494	-0.245053	-0.438374	-0.455840	0.721436	

-0.420780	-0.376143	0.211833	-0.174899	-0.416494	-0.245053	-0.433547	-0.439749	0.741550	

-0.418661	-0.368759	0.219509	-0.170937	-0.414046	-0.237404	-0.421082	-0.438548	0.759559	

-0.417991	-0.363635	0.225296	-0.169570	-0.413467	-0.232787	-0.418641	-0.437979	0.770948	

-0.417991	-0.378397	0.214809	-0.179904	-0.413738	-0.247308	-0.435043	-0.439072	0.754545	

-0.416393	-0.370113	0.222601	-0.176238	-0.413738	-0.239860	-0.433524	-0.437714	0.768125	

-0.429915	-0.382871	0.209412	-0.182444	-0.413738	-0.249281	-0.434143	-0.444993	0.745138	

-0.431192	-0.400564	0.196600	-0.182444	-0.413738	-0.261898	-0.444747	-0.449335	0.723429	

-0.435735	-0.418453	0.185207	-0.182444	-0.413738	-0.271719	-0.448308	-0.449764	0.697689	

-0.435735	-0.412000	0.192937	-0.182444	-0.413738	-0.268316	-0.445637	-0.448523	0.710098	

-0.432220	-0.405653	0.200038	-0.179158	-0.412873	-0.262128	-0.444183	-0.446781	0.725034	

-0.429954	-0.399103	0.207827	-0.179158	-0.412873	-0.256482	-0.443947	-0.444426	0.737876	

-0.424913	-0.389847	0.217943	-0.171788	-0.411354	-0.247261	-0.442593	-0.440998	0.755017	

-0.421732	-0.380587	0.227251	-0.171788	-0.411354	-0.240975	-0.441589	-0.438970	0.768536	

-0.420466	-0.374292	0.235190	-0.169743	-0.410451	-0.236933	-0.440509	-0.438970	0.779297	

-0.419833	-0.369561	0.240654	-0.167163	-0.409891	-0.232142	-0.438930	-0.438612	0.790049	

-0.419833	-0.391255	0.230720	-0.175889	-0.414447	-0.245797	-0.442832	-0.439016	0.765809	

-0.412516	-0.374047	0.243295	-0.175889	-0.414447	-0.237578	-0.440831	-0.423467	0.786541	

-0.420310	-0.392408	0.232745	-0.181189	-0.414447	-0.247705	-0.446222	-0.429776	0.767613	

-0.408960	-0.375139	0.243815	-0.181189	-0.414447	-0.237612	-0.445217	-0.424631	0.786908	

-0.403604	-0.361754	0.255459	-0.181189	-0.414447	-0.228466	-0.444128	-0.411276	0.805119	

-0.408356	-0.376861	0.245393	-0.185551	-0.418401	-0.238965	-0.450724	-0.419894	0.788961	

-0.407236	-0.362296	0.258191	-0.177554	-0.407485	-0.227444	-0.445773	-0.419259	0.808001	

-0.405379	-0.357085	0.262849	-0.175555	-0.406415	-0.223429	-0.445431	-0.418733	0.818527	

-0.404802	-0.350075	0.268796	-0.173398	-0.405708	-0.219600	-0.444686	-0.418733	0.828331	

-0.404436	-0.347587	0.271601	-0.173398	-0.405708	-0.217830	-0.444208	-0.418733	0.834552	

-0.402281	-0.340564	0.278208	-0.168634	-0.403687	-0.210894	-0.443832	-0.417308	0.846766	

-0.402281	-0.337211	0.283040	-0.168634	-0.403687	-0.207336	-0.442187	-0.416571	0.854135	

-0.407813	-0.354767	0.264025	-0.178039	-0.403687	-0.222100	-0.443780	-0.418661	0.822784	

-0.407813	-0.372795	0.264025	-0.178039	-0.403687	-0.239820	-0.446036	-0.420955	0.795261	

-0.406579	-0.363615	0.271592	-0.178039	-0.403687	-0.236240	-0.444925	-0.420780	0.805753	

-0.418620	-0.379535	0.254068	-0.178039	-0.403687	-0.247323	-0.451296	-0.429877	0.783009	

-0.417810	-0.371348	0.259031	-0.171572	-0.402662	-0.240044	-0.450109	-0.428960	0.796769	

-0.427017	-0.388342	0.242903	-0.181410	-0.402662	-0.256705	-0.452582	-0.434550	0.774409	

-0.434499	-0.402877	0.234861	-0.187224	-0.406421	-0.264964	-0.456538	-0.440000	0.756240	

-0.440059	-0.421309	0.220333	-0.187224	-0.406421	-0.281974	-0.458153	-0.444333	0.732609	

-0.435420	-0.413817	0.229642	-0.182019	-0.406421	-0.273111	-0.456186	-0.442755	0.748382	

-0.435420	-0.426962	0.214302	-0.192490	-0.412478	-0.288318	-0.460686	-0.446469	0.726103	

-0.432402	-0.417472	0.222151	-0.185822	-0.412478	-0.280648	-0.457189	-0.443904	0.743202	

-0.437374	-0.428987	0.211067	-0.195119	-0.414950	-0.291606	-0.464650	-0.445665	0.722073	

-0.438744	-0.449144	0.196933	-0.195119	-0.414950	-0.304386	-0.464749	-0.452267	0.698770	

-0.431695	-0.443837	0.207878	-0.195119	-0.414950	-0.296069	-0.462461	-0.446560	0.715890	

-0.431695	-0.460295	0.207878	-0.195119	-0.414950	-0.305557	-0.468866	-0.449517	0.696179	

-0.430525	-0.452239	0.219943	-0.186963	-0.413610	-0.291832	-0.460220	-0.445870	0.716070	

-0.422144	-0.444669	0.227972	-0.183401	-0.413610	-0.285355	-0.459779	-0.439637	0.733881	

-0.422144	-0.438043	0.235577	-0.179956	-0.412827	-0.279272	-0.456842	-0.439637	0.747134	

-0.433156	-0.445220	0.227648	-0.181048	-0.417585	-0.285689	-0.462491	-0.445617	0.731533	

-0.433156	-0.435500	0.236290	-0.177258	-0.415852	-0.285689	-0.450863	-0.445617	0.748008	

-0.424361	-0.426248	0.249159	-0.177258	-0.415852	-0.275829	-0.448389	-0.436584	0.766697	

-0.423847	-0.422013	0.254170	-0.175949	-0.415852	-0.273460	-0.448132	-0.436584	0.775430	

-0.421802	-0.415465	0.258349	-0.174442	-0.415852	-0.269591	-0.447825	-0.436390	0.787019	

-0.433023	-0.425089	0.246409	-0.181378	-0.415852	-0.281686	-0.454096	-0.443327	0.769678	

-0.422419	-0.411794	0.259708	-0.177097	-0.415852	-0.273929	-0.440645	-0.433938	0.792212	

-0.422083	-0.411794	0.261955	-0.175955	-0.415852	-0.271826	-0.440494	-0.433843	0.797924	

-0.433034	-0.428756	0.247713	-0.180299	-0.415852	-0.281321	-0.447145	-0.437635	0.777239	

-0.431457	-0.422790	0.257603	-0.176277	-0.415852	-0.274628	-0.445920	-0.432943	0.790645	

-0.431457	-0.438898	0.235087	-0.187764	-0.419689	-0.299600	-0.448490	-0.435024	0.765673	

-0.441812	-0.452352	0.219833	-0.187764	-0.419689	-0.310694	-0.450380	-0.439215	0.740524	

-0.439939	-0.441047	0.230535	-0.184898	-0.418484	-0.304833	-0.445736	-0.439215	0.756447	

-0.446198	-0.453682	0.216581	-0.184898	-0.418484	-0.317518	-0.446679	-0.443648	0.729847	

-0.446198	-0.433702	0.234446	-0.176906	-0.399018	-0.298642	-0.443070	-0.442841	0.754065	

-0.447337	-0.447649	0.221427	-0.185817	-0.403140	-0.311951	-0.445196	-0.450912	0.734694	

-0.447337	-0.431269	0.233796	-0.177279	-0.397155	-0.297777	-0.443661	-0.449258	0.754549	

-0.445009	-0.424737	0.240501	-0.174772	-0.396001	-0.293490	-0.442529	-0.448158	0.767744	

-0.441623	-0.411115	0.253083	-0.171894	-0.396001	-0.284225	-0.441529	-0.434727	0.786931	

-0.446956	-0.427435	0.237847	-0.179147	-0.396001	-0.297231	-0.446136	-0.440772	0.764263	

-0.444098	-0.419094	0.247405	-0.174289	-0.393091	-0.290569	-0.441627	-0.439152	0.780459	

-0.434243	-0.409566	0.261481	-0.174289	-0.393091	-0.279459	-0.437076	-0.422748	0.801401	

-0.437920	-0.429046	0.249527	-0.178872	-0.398016	-0.290761	-0.440012	-0.427957	0.780567	

-0.435738	-0.421317	0.255406	-0.178872	-0.398016	-0.284937	-0.439626	-0.427339	0.792932	

-0.447083	-0.433854	0.241896	-0.184658	-0.401042	-0.294501	-0.440944	-0.436105	0.775398	

-0.449831	-0.450673	0.230791	-0.192367	-0.404770	-0.305502	-0.444375	-0.437663	0.752039	

-0.449831	-0.464060	0.211154	-0.199413	-0.405969	-0.321211	-0.446409	-0.439072	0.723855	

-0.447831	-0.454542	0.222021	-0.190914	-0.403156	-0.311231	-0.445705	-0.438222	0.740852	

-0.449033	-0.467611	0.213987	-0.200103	-0.407839	-0.323556	-0.450369	-0.439243	0.720432	

-0.448082	-0.458077	0.221669	-0.194286	-0.406044	-0.315537	-0.449107	-0.438704	0.736590	

-0.448082	-0.452174	0.227897	-0.191013	-0.406044	-0.311251	-0.448313	-0.438510	0.748281	

-0.448082	-0.436409	0.235923	-0.191013	-0.406044	-0.304860	-0.446841	-0.424149	0.767864	

-0.451866	-0.451526	0.235923	-0.191013	-0.406044	-0.314446	-0.453095	-0.426293	0.746422	

-0.456427	-0.462691	0.225501	-0.195045	-0.411268	-0.321841	-0.455571	-0.435855	0.730915	

-0.448678	-0.451932	0.235939	-0.187799	-0.406337	-0.310716	-0.452271	-0.427805	0.752871	

-0.456093	-0.469579	0.222655	-0.187799	-0.406337	-0.321397	-0.455139	-0.433807	0.734864	

-0.463133	-0.480875	0.213090	-0.192587	-0.410050	-0.330962	-0.457937	-0.437547	0.719903	

-0.458533	-0.471804	0.222575	-0.192587	-0.410050	-0.324996	-0.457116	-0.435202	0.735541	

-0.455095	-0.465739	0.232877	-0.189810	-0.410050	-0.318614	-0.455624	-0.432035	0.750155	

-0.451411	-0.452901	0.249988	-0.182504	-0.404128	-0.300788	-0.448476	-0.431687	0.771031	

-0.449592	-0.448778	0.249988	-0.182504	-0.404128	-0.300788	-0.448053	-0.431516	0.781338	

-0.456276	-0.464572	0.235086	-0.190458	-0.408426	-0.311490	-0.450799	-0.433031	0.758613	

-0.447215	-0.458411	0.246029	-0.186179	-0.408426	-0.303430	-0.449323	-0.428181	0.775728	

-0.441482	-0.449720	0.257746	-0.186179	-0.408426	-0.294521	-0.444822	-0.425474	0.791972	

-0.441482	-0.465615	0.257746	-0.186179	-0.408426	-0.308962	-0.449989	-0.429128	0.770049	

-0.440035	-0.459467	0.264196	-0.183351	-0.408426	-0.303520	-0.448466	-0.429128	0.782344	

-0.438414	-0.452576	0.271877	-0.179906	-0.407270	-0.295613	-0.447019	-0.427979	0.796125	

-0.423743	-0.438028	0.286357	-0.173047	-0.407270	-0.284028	-0.445546	-0.421051	0.816909	

-0.433083	-0.447290	0.277464	-0.178737	-0.412353	-0.291759	-0.448088	-0.429211	0.803677	

-0.444794	-0.464014	0.265388	-0.178737	-0.412353	-0.303033	-0.451990	-0.433525	0.783768	

-0.443374	-0.457916	0.271128	-0.174511	-0.411068	-0.299111	-0.451593	-0.433323	0.795842	

-0.451070	-0.472962	0.250109	-0.174511	-0.411068	-0.319740	-0.453057	-0.436376	0.769676	

-0.452050	-0.488043	0.239455	-0.181510	-0.416840	-0.329673	-0.461453	-0.436654	0.753012	

-0.450655	-0.484012	0.246257	-0.177716	-0.415915	-0.325257	-0.460901	-0.435864	0.764866	

-0.458696	-0.495024	0.236297	-0.184703	-0.418249	-0.333836	-0.464526	-0.440673	0.749677	

-0.464900	-0.503989	0.223502	-0.189344	-0.418249	-0.342952	-0.474848	-0.444541	0.728583	

-0.471759	-0.511277	0.214661	-0.195174	-0.421953	-0.351511	-0.478476	-0.449885	0.714008	

-0.469795	-0.502258	0.221780	-0.190832	-0.420709	-0.343422	-0.476765	-0.449607	0.730709	

-0.464843	-0.494851	0.232543	-0.185782	-0.420709	-0.336497	-0.475471	-0.445117	0.747543	

-0.453939	-0.481875	0.246218	-0.185782	-0.420709	-0.328347	-0.467932	-0.430828	0.770716	

-0.437804	-0.470446	0.261956	-0.178239	-0.417873	-0.318128	-0.463930	-0.421304	0.793573	

-0.436549	-0.457647	0.275945	-0.167999	-0.412829	-0.305761	-0.454056	-0.414193	0.814905	

-0.446737	-0.467093	0.265620	-0.173825	-0.415621	-0.315686	-0.458809	-0.421278	0.799161	

-0.446737	-0.459424	0.271299	-0.172216	-0.414086	-0.311667	-0.456834	-0.421278	0.811531	

-0.440653	-0.451494	0.280059	-0.166700	-0.411518	-0.303446	-0.456782	-0.414095	0.828770	

-0.440653	-0.442271	0.286604	-0.163947	-0.406783	-0.298030	-0.455172	-0.414095	0.842536	

-0.437389	-0.434227	0.294788	-0.162283	-0.405357	-0.293462	-0.452892	-0.410397	0.856405	

-0.435555	-0.424246	0.302970	-0.155733	-0.405357	-0.284166	-0.446080	-0.409617	0.872000	

-0.435065	-0.421292	0.308290	-0.151572	-0.404914	-0.280048	-0.444858	-0.409617	0.880321	

-0.434369	-0.414838	0.313725	-0.149085	-0.403025	-0.275601	-0.441040	-0.409223	0.892162	

-0.437679	-0.427922	0.298965	-0.158089	-0.408346	-0.291536	-0.448201	-0.410161	0.864025	

-0.442379	-0.445501	0.281500	-0.158089	-0.408346	-0.305190	-0.451885	-0.420370	0.837391	

-0.448789	-0.462527	0.263636	-0.158089	-0.408346	-0.318304	-0.457213	-0.423095	0.810148	

-0.447335	-0.455419	0.270121	-0.155369	-0.408346	-0.312629	-0.455402	-0.423095	0.822511	

-0.442282	-0.448762	0.275988	-0.151074	-0.407263	-0.306506	-0.453703	-0.422617	0.836828	

El porcentaje de acierto es de 74.107143 
