3
9 5 2 
0.000000 0.000000 0.000000 0.000000 0.000000 0.000000 0.000000 0.000000 0.000000 0.000000 0.000000 0.000000 0.000000 0.000000 0.000000 0.000000
0.0 0.0 0.0 0.0 0.0 0.0 0.0 0.0 0.0 0.0 0.0 0.0 0.0 0.0 0.0 0.0 
0.0 0.0 0.0 0.0 0.0 0.0 0.0 0.0 0.0 0.0 0.0 0.0 0.0 0.0 0.0 0.0 
0.0 0.0 0.0 0.0 0.0 0.0 0.0 0.0 0.0 0.0 0.0 0.0 0.0 0.0 0.0 0.0 
0.0 0.0 0.0 0.0 0.0 0.0 0.0 0.0 0.0 0.0 0.0 0.0 0.0 0.0 0.0 0.0 
0.0 0.0 0.0 0.0 0.0 0.0 0.0 0.0 0.0 0.0 0.0 0.0 0.0 0.0 0.0 0.0 
0.0 0.0 0.0 0.0 0.0 0.0 0.0 0.0 0.0 0.0 0.0 0.0 0.0 0.0 0.0 0.0 
0.0 0.0 0.0 0.0 0.0 0.0 0.0 0.0 0.0 0.0 0.0 0.0 0.0 0.0 0.0 0.0 
0.0 0.0 0.0 0.0 0.0 0.0 0.0 0.0 0.0 0.0 0.0 0.0 0.0 0.0 0.0 0.0 
0.0 0.0 0.0 0.0 0.0 0.0 0.0 0.0 0.0 0.0 0.0 0.0 0.0 0.0 0.0 0.0 
1.438280 4.514231 -4.370376 0.869824 -4.003609 2.306592 0.987980 8.961692 5.898908 0.0 0.0 0.0 0.0 0.0 0.0 0.0 
-2.540464 3.613361 1.206196 -1.528915 0.163980 0.108679 -2.485119 -1.002054 1.053410 0.0 0.0 0.0 0.0 0.0 0.0 0.0 
0.199793 -2.213840 -4.104319 -1.557381 -5.580903 -2.642984 -5.878517 0.027115 -5.979155 0.0 0.0 0.0 0.0 0.0 0.0 0.0 
5.459534 3.902731 -3.306128 -3.752953 -3.580081 6.674103 0.251397 -7.295324 -1.524036 0.0 0.0 0.0 0.0 0.0 0.0 0.0 
0.0 0.0 0.0 0.0 0.0 0.0 0.0 0.0 0.0 0.0 0.0 0.0 0.0 0.0 0.0 0.0 
0.0 0.0 0.0 0.0 0.0 0.0 0.0 0.0 0.0 4.600504 1.714867 -2.064901 4.693690 0.301841 0.0 0.0 
0.0 0.0 0.0 0.0 0.0 0.0 0.0 0.0 0.0 -4.600819 -1.714929 2.064848 -4.692952 -0.300930 0.0 0.0 
8
0.217721 0.602880 0.567803 0.207066 0.091105 0.479449 0.169605 0.200716 
0.037568 0.026617 0.024587 0.025943 0.016297 0.013955 0.020295 0.037288 