1.5634
0.712992
0.244936
0.820377
1.65707
0.234772
0.0750869
0.532625
1.97578
0.145411
-0.431055
-1.34273
-1.34133
-0.268927
-0.345479
-1.32636
-1.37285
-0.00372529
0.385584
1.61618
0.694246
-0.0599825
-0.184387
-0.740717
-2.1752
-0.0300564
0.590937
1.52619
0.7217
0.368623
1.09778
1.32013
0.270137
0.443973
1.60871
0.693575
0.0474838
0.199812
1.29823
1.08295
-0.263484
-0.821483
-1.83687
-0.537655
-0.302785
-0.923337
-1.88003
-0.237208
0.0823269
0.638681
1.92262
0.0693532
-0.423752
-1.37715
-1.3021
-0.214703
-0.220095
-0.833571
-2.04723
-0.0651634
0.475135
1.53188
0.772608
0.200293
0.656312
1.78769
0.297894
-0.0313613
0.0297648
0.556066
2.11792
-0.159685
-0.826445
-1.61638
-0.845203
-0.652255
-1.44879
-1.16322
-0.518998
-1.02255
-1.65827
-0.532428
-0.566008
-1.60245
-1.00807
-0.285825
-0.583146
-1.90104
-0.634028
-0.00486825
0.273567
1.57694
0.735408
-0.300937
-0.916781
-1.80852
-0.430371
-0.270041
-0.87529
-1.95104
-0.19716
0.204787
1.06444
1.40164
0.00811566
-0.213045
-0.799093
-2.07078
-0.11755
0.412658
1.4605
0.876841
0.157714
0.468616
1.77731
0.472869
-0.115995
-0.34958
-1.5355
-1.08509
0.175675
0.791442
1.63175
0.353916
0.246847
1.09148
1.36278
0.0468851
-0.0974555
-0.238056
-1.19614
-1.53157
0.29878
0.957114
1.38519
0.519448
0.694183
1.52581
0.662691
0.453453
1.27912
1.08669
0.308628
0.703916
1.67833
0.419303
0.2119
0.929318
1.5691
0.0879215
-0.118057
-0.338416
-1.646
-0.925122
0.330993
1.06564
1.32114
0.391622
0.642149
1.6215
0.572685
0.291806
1.04299
1.40822
0.171511
0.172042
0.998554
1.49834
-0.0758428
-0.452193
-1.57486
-1.05461
-0.0963479
0.0404881
0.540308
2.06792
-0.0247086
-0.663115
-1.62093
-0.942437
-0.463648
-1.08819
-1.6279
-0.42017
-0.453534
-1.48892
-1.16276
-0.149637
-0.0905015
-0.18016
-0.870543
-2.05799
0.237481
0.881233
1.39012
0.634655
0.716359
1.44252
0.757773
0.552737
1.30405
1.02098
0.436834
0.971442
1.42012
0.423455
0.577014
1.57998
0.674298
0.274503
0.92499
1.5434
0.214394
0.151094
0.8725
1.66555
-0.0227392
-0.403626
-1.4212
-1.24935
-0.114271
0.0469193
0.553826
2.04387
-0.00348607
-0.620978
-1.60701
-0.977169
-0.412816
-0.948475
-1.7794
-0.428929
-0.304304
-1.00924
-1.79219
-0.162175
0.163372
0.970202
1.53391
-0.0390089
-0.381122
-1.39424
-1.28431
-0.073204
0.176346
1.11712
1.33481
-0.154857
-0.595398
-1.80472
-0.749412
-0.155805
-0.265864
-1.16175
-1.59916
0.123805
0.697765
1.63124
0.493754
0.30721
1.14203
1.28722
0.139019
0.176308
1.05226
1.42506
-0.111453
-0.513201
-1.69814
-0.898782
-0.116612
-0.0739303
-0.094543
-0.268319
-1.6184
-0.883821
0.591962
1.18754
1.05983
0.668324
1.10107
1.18015
0.644807
0.978024
1.30367
0.653021
0.835793
1.39278
0.711043
0.691221
1.3886
0.84578
0.56385
1.24216
1.08595
0.477844
0.96505
1.40531
0.475565
0.641022
1.55707
0.66259
0.37037
1.14646
1.26469
0.247518
0.441897
1.63086
0.666818
0.020835
0.114806
0.944229
1.58353
-0.235271
-0.801181
-1.76447
-0.669798
-0.438827
-1.23553
-1.47626
-0.293014
-0.321417
-1.20295
-1.54157
-0.0393582
0.337309
1.50214
0.838287
-0.0498613
-0.186301
-0.733945
-2.1709
-0.058729
0.554661
1.52011
0.749812
0.330107
0.999529
1.44126
0.26177
0.325956
1.39721
0.969721
-0.00247727
-0.0736872
-0.108807
-0.369907
-2.07128
-0.392703
0.656958
1.28785
0.941394
0.649211
1.20203
1.08717
0.594949
1.0535
1.26557
0.577558
0.86426
1.42455
0.624428
0.666046
1.45024
0.785075
0.494463
1.2314
1.12675
0.390786
0.816655
1.56682
0.444517
0.406342
1.3867
0.97205
0.165941
0.436682
1.72668
0.548446
-0.099187
-0.297102
-1.31356
-1.38019
0.146664
0.729788
1.64377
0.433644
0.277592
1.114
1.32823
0.0981613
0.0502887
0.510069
2.03628
0.0743528
-0.558768
-1.53069
-1.08731
-0.375464
-0.781043
-1.88813
-0.510682
-0.197957
-0.533314
-2.00622
-0.513037
0.22314
0.974606
1.48898
0.185105
0.140361
0.854349
1.69314
-0.0388785
-0.449028
-1.51803
-1.12545
-0.144041
-0.0872435
-0.163669
-0.761336
-2.22077
0.185497
0.843046
1.39278
0.677792
0.703575
1.41265
0.80658
0.561838
1.27203
1.05347
0.463022
0.976708
1.4024
0.453225
0.625745
1.57163
0.654034
0.338739
1.08974
1.33924
0.226241
0.340347
1.47113
0.877208
-0.0322271
-0.139175
-0.476837
-2.13052
-0.360161
0.490109
1.34278
0.978973
0.401064
0.953962
1.45354
0.385989
0.498526
1.55808
0.738737
0.186687
0.637415
1.80604
0.292869
-0.0660575
-0.120623
-0.409436
-2.08521
-0.400589
0.574951
1.32342
0.954734
0.533055
1.12999
1.22026
0.480805
0.843793
1.4953
0.532561
0.549927
1.47733
0.816719
0.32974
0.949203
1.49252
0.288958
0.324297
1.36481
1.0102
0.0195313
-0.0200874
0.187332
1.53404
0.742142
-0.548034
-1.28719
-1.33589
-0.594221
-0.976068
-1.64827
-0.645863
-0.65466
-1.60828
-0.973485
-0.424866
-0.979612
-1.74738
-0.426448
-0.338441
-1.13558
-1.62638
-0.145069
0.115565
0.818427
1.74491
-0.0544698
-0.502771
-1.60056
-1.01881
-0.192948
-0.286128
-1.18842
-1.5622
0.068619
0.585418
1.68187
0.526967
0.164043
0.696271
1.81022
0.184092
-0.163381
-0.53163
-2.04344
-0.465647
0.277946
1.09846
1.33101
0.202926
0.296388
1.38708
0.982479
-0.0634662
-0.268079
-1.10419
-1.68384
0.037644
0.541966
1.65719
0.58814
0.153512
0.623226
1.84756
0.241328
-0.16462
-0.53139
-2.01977
-0.495937
0.244493
1.02491
1.42531
0.190611
0.200344
1.08799
1.37468
-0.0698611
-0.397994
-1.47639
-1.17788
-0.0428377
0.236772
1.34164
1.03521
-0.172698
-0.595069
-1.86712
-0.671494
-0.0748145
0.017315
0.451301
2.12804
-0.00646307
-0.726009
-1.58473
-0.950436
-0.580336
-1.28405
-1.37488
-0.49381
-0.804561
-1.78447
-0.646635
-0.404133
-1.16347
-1.57144
-0.272243
-0.210741
-0.734654
-2.11837
-0.169621
0.387053
1.39797
0.956886
0.16541
0.444137
1.73731
0.532827
-0.100072
-0.297963
-1.32095
-1.36956
0.150955
0.737927
1.63909
0.430075
0.284579
1.13571
1.30013
0.0980727
0.0658344
0.588469
2.00312
0.00989275
-0.568615
-1.5822
-1.02485
-0.34558
-0.744096
-1.9199
-0.502303
-0.129428
-0.249511
-1.14511
-1.62106
0.18089
0.796518
1.551
0.493324
0.451162
1.41215
0.930673
0.225583
0.623998
1.7663
0.374572
0.0304116
0.267656
1.62011
0.67745
-0.367287
-1.06538
-1.64865
-0.427106
-0.443788
-1.45715
-1.20312
-0.152264
-0.08284
-0.136334
-0.56483
-2.36784
0.00814224
0.753027
1.38025
0.779316
0.661679
1.33443
0.93047
0.558927
1.16985
1.16676
0.4985
0.911902
1.43784
0.520942
0.628061
1.52062
0.719751
0.393128
1.1433
1.26089
0.285022
0.520752
1.67149
0.586153
0.0975031
0.428936
1.83313
0.415152
-0.255156
-0.828799
-1.94041
-0.33939
-0.00198997
0.272124
1.67668
0.606835
-0.413664
-1.16075
-1.53562
-0.433827
-0.561957
-1.69055
-0.901693
-0.203653
-0.373515
-1.5417
-1.08548
0.107578
0.63701
1.74959
0.381724
0.0659483
0.411494
1.88237
0.356839
-0.353681
-1.10315
-1.63789
-0.310911
-0.245701
-0.864721
-1.98698
-0.129461
0.339372
1.38316
0.98415
0.0728086
0.155233
1.05099
1.42733
-0.18296
-0.675152
-1.81788
-0.695454
-0.253004
-0.648015
-2.01648
-0.446282
0.0994017
0.647414
1.86097
0.175814
-0.236182
-0.814851
-2.00281
-0.237182
0.19199
1.00434
1.47936
0.0316646
-0.192702
-0.69734
-2.14229
-0.191439
0.392457
1.3862
0.968999
0.187585
0.498387
1.76402
0.476489
-0.0568294
-0.121717
-0.401829
-2.0285
-0.467711
0.532928
1.30532
0.995073
0.495032
1.06121
1.30722
0.459085
0.735028
1.56011
0.572014
0.435125
1.32582
1.03763
0.253973
0.621213
1.73845
0.420683
0.0865039
0.473667
1.91047
0.292515
-0.320594
-1.04062
-1.72536
-0.271724
-0.101158
-0.196135
-0.917173
-1.97825
0.192256
0.828465
1.46088
0.594949
0.609366
1.45936
0.808795
0.421227
1.11934
1.27747
0.337993
0.602265
1.65998
0.550725
0.204331
0.812149
1.692
0.164334
-0.0682699
-0.10647
-0.328594
-1.83813
-0.654229
0.560863
1.24697
1.0327
0.580634
1.09538
1.23266
0.548687
0.884727
1.42873
0.586178
0.65954
1.47746
0.754483
0.465832
1.22279
1.14681
0.35451
0.741218
1.63061
0.449162
0.305716
1.17445
1.24836
0.115363
0.139488
0.922167
1.60884
-0.111009
-0.564109
-1.71599
-0.867341
-0.201894
-0.382843
-1.58043
-1.03678
0.116135
0.657527
1.74655
0.361573
0.0687456
0.43334
1.90768
0.316361
-0.360705
-1.13107
-1.60612
-0.297722
-0.242182
-0.860139
-1.99509
-0.122097
0.356346
1.40999
0.949165
0.0867064
0.214634
1.28114
1.11147
-0.197894
-0.668519
-1.87876
-0.619966
-0.156212
-0.316443
-1.41753
-1.23544
0.182105
0.798593
1.60428
0.394153
0.318323
1.2519
1.15121
0.0892632
0.121793
0.871702
1.68238
-0.124117
-0.612726
-1.73713
-0.826154
-0.264522
-0.616485
-1.97192
-0.527479
0.0521176
0.476363
1.88806
0.321032
-0.278471
-0.915439
-1.87104
-0.285825
-0.00493407
0.261061
1.672
0.608151
-0.441396
-1.20314
-1.47892
-0.455813
-0.649926
-1.7689
-0.776221
-0.269864
-0.661976
-1.9961
-0.46461
0.0525581
0.481704
1.90768
0.290781
-0.308013
-1.00737
-1.76725
-0.268927
-0.0637908
-0.0141322
0.302944
2.06071
0.13464
-0.77136
-1.48487
-1.0319
-0.71663
-1.34842
-1.2482
-0.646091
-1.10958
-1.51866
-0.645534
-0.828863
-1.66992
-0.790169
-0.579918
-1.40918
-1.23378
-0.433156
-0.808029
-1.83282
-0.567602
-0.314899
-0.945146
-1.85079
-0.246625
0.0425867
0.473983
1.9854
0.186383
-0.456154
-1.36133
-1.31218
-0.314886
-0.480963
-1.67713
-0.927198
-0.0501258
0.159853
1.1216
1.3257
-0.226196
-0.754627
-1.8294
-0.621421
-0.306393
-0.879644
-1.9118
-0.28728
0.0322013
0.421923
1.94451
0.271934
-0.432511
-1.28681
-1.40386
-0.331328
-0.459635
-1.60435
-1.01789
-0.0675401
0.123311
0.948672
1.57568
-0.189864
-0.715048
-1.7894
-0.706922
-0.336505
-0.921894
-1.85421
-0.314329
-0.0650486
-0.012688
0.306235
2.05413
0.143677
-0.758387
-1.48854
-1.03573
-0.69977
-1.33488
-1.27076
-0.630206
-1.07424
-1.55663
-0.641407
-0.779322
-1.67182
-0.826888
-0.531478
-1.30569
-1.36753
-0.411347
-0.660722
-1.82067
-0.70439
-0.2225
-0.532795
-1.94218
-0.59436
0.136855
0.739496
1.75326
0.208318
-0.0670403
-0.108795
-0.340163
-1.87446
-0.618118
0.556724
1.25735
1.02624
0.566698
1.09288
1.24203
0.533397
0.865095
1.45062
0.578609
0.626048
1.47695
0.777063
0.428202
1.15447
1.23646
0.331904
0.627289
1.66909
0.51755
0.210647
0.854615
1.64858
0.14331
-0.0668091
-0.0957075
-0.257422
-1.47942
-1.08334
0.507285
1.15147
1.13389
0.608708
1.01425
1.29367
0.604354
0.841299
1.42113
0.661122
0.664033
1.42328
0.820706
0.511424
1.22013
1.13266
0.418607
0.851818
1.52695
0.458212
0.472059
1.46758
0.858007
0.220102
0.657021
1.76769
0.331436
0.0195908
0.239949
1.55252
0.753609
-0.381995
-1.08138
-1.62005
-0.456838
-0.51696
-1.59106
-1.03086
-0.202818
-0.312633
-1.29268
-1.41513
0.0733149
0.57752
1.71048
0.494323
0.112667
0.533283
1.89831
0.264896
-0.261548
-0.876619
-1.92256
-0.266421
0.0731757
0.593013
1.94641
0.110198
-0.408246
-1.32164
-1.3726
-0.227538
-0.218829
-0.813927
-2.06457
-0.08706
0.452162
1.50606
0.811289
0.18694
0.593519
1.80731
0.343739
-0.0591298
-0.101484
-0.283774
-1.58132
-0.963005
0.486362
1.16962
1.13627
0.559547
0.987365
1.34354
0.559635
0.765773
1.4829
0.65516
0.553674
1.38443
0.926977
0.396444
0.988099
1.42354
0.36375
0.502715
1.58201
0.707574
0.170371
0.60648
1.82781
0.296692
-0.105741
-0.290533
-1.35386
-1.31585
0.21814
0.85964
1.53049
0.422822
0.441859
1.45974
0.876069
0.1757
0.521701
1.79617
0.419645
-0.0806132
-0.204602
-0.892061
-2.0047
0.0947058
0.702739
1.551
0.60443
0.438378
1.30456
1.06171
0.271453
0.643908
1.72162
0.422518
0.124666
0.61991
1.88756
0.174852
-0.273496
-0.94169
-1.86522
-0.211007
0.116742
0.779709
1.77946
0.0113142
-0.400386
-1.37968
-1.30244
-0.146143
-0.0257934
0.173472
1.4524
0.844983
-0.518973
-1.24447
-1.38703
-0.590057
-0.922438
-1.68055
-0.670658
-0.607131
-1.53955
-1.07235
-0.399614
-0.850393
-1.8475
-0.483596
-0.26113
-0.803662
-2.00812
-0.252751
0.177763
0.95562
1.54328
0.0374554
-0.21269
-0.779296
-2.07812
-0.154527
0.368408
1.39291
0.967215
0.130159
0.336436
1.5934
0.724801
-0.157144
-0.517163
-1.86142
-0.69715
0.0615183
0.503905
1.85161
0.353764
-0.189384
-0.617574
-2.03647
-0.438346
0.158372
0.831211
1.67732
0.137348
-0.101232
-0.258662
-1.26029
-1.4412
0.26415
0.921205
1.44316
0.475667
0.59438
1.5453
0.708865
0.330487
1.03089
1.40759
0.245113
0.323867
1.41025
0.953469
-0.0178661
-0.116809
-0.349453
-1.78206
-0.74902
0.43234
1.19358
1.15189
0.447593
0.871677
1.49619
0.481869
0.528714
1.50277
0.794948
0.279832
0.852704
1.60795
0.270238
0.178244
0.930103
1.5834
0.0033527
-0.308709
-1.1538
-1.60752
-0.0768656
0.268681
1.33683
1.04588
-0.0692276
-0.302165
-1.23224
-1.50069
0.0374959
0.508386
1.68719
0.568166
0.0702012
0.337828
1.71719
0.570698
-0.288331
-0.901959
-1.84674
-0.380185
-0.164099
-0.450724
-1.92547
-0.614207
0.292692
1.07914
1.34076
0.268516
0.423835
1.58188
0.731345
0.0377743
0.150031
1.08955
1.37025
-0.24184
-0.791068
-1.80712
-0.618396
-0.361731
-1.06156
-1.70397
-0.256801
-0.0868334
-0.129527
-0.489633
-2.28443
-0.159468
0.667122
1.37708
0.844881
0.589595
1.25798
1.05639
0.503956
1.01739
1.34506
0.485995
0.718637
1.54568
0.61129
0.447314
1.31152
1.0509
0.281604
0.674134
1.70833
0.408266
0.152575
0.732547
1.79959
0.119426
-0.237942
-0.840191
-1.99205
-0.195894
0.239734
1.15158
1.28443
0.0299458
-0.104575
-0.27542
-1.40728
-1.22104
0.343904
1.03515
1.32304
0.476768
0.734585
1.54821
0.590912
0.45258
1.33481
1.02207
0.276605
0.684044
1.7101
0.392419
0.146069
0.719143
1.81566
0.11659
-0.257295
-0.91049
-1.91382
-0.178966
0.207787
1.08578
1.37405
-0.00513405
-0.234575
-0.898415
-1.95939
-0.0748184
0.415607
1.50657
0.821364
0.118033
0.377294
1.70478
0.586089
-0.186247
-0.602714
-1.97028
-0.535567
0.0642143
0.518056
1.89224
0.286022
-0.254953
-0.850671
-1.94471
-0.281546
0.0738465
0.591291
1.94249
0.120324
-0.394463
-1.28812
-1.41639
-0.222234
-0.181534
-0.629585
-2.18102
-0.217007
0.434214
1.39683
0.943596
0.258694
0.697854
1.72086
0.354194
0.112224
0.613746
1.90793
0.147588
-0.324733
-1.10601
-1.65764
-0.197236
0.0117673
0.348878
1.91553
0.323082
-0.50891
-1.36867
-1.28353
-0.428739
-0.760943
-1.83978
-0.606764
-0.288875
-0.828116
-1.96192
-0.298229
0.0712011
0.576647
1.94515
0.138285
-0.384603
-1.2573
-1.45601
-0.225373
-0.168149
-0.558185
-2.15723
-0.306178
0.418519
1.33747
1.01549
0.284136
0.705397
1.69732
0.384711
0.166878
0.800479
1.7306
0.0894277
-0.228145
-0.815686
-2.02534
-0.182857
0.286237
1.25595
1.14705
0.0602778
0.0420766
0.499285
2.05932
0.049876
-0.604144
-1.56587
-1.03086
-0.423726
-0.936007
-1.78105
-0.454256
-0.331011
-1.08612
-1.68966
-0.166392
0.0982878
0.736433
1.84351
-0.0186508
-0.490608
-1.54828
-1.08386
-0.216285
-0.330568
-1.34627
-1.34273
0.0622144
0.543953
1.72516
0.498437
0.0585438
0.325956
1.71681
0.569913
-0.316392
-0.97184
-1.77219
-0.377932
-0.243676
-0.804181
-2.0323
-0.197565
0.272225
1.21874
1.19514
0.0582109
0.0135938
0.348346
1.96185
0.264529
-0.570817
-1.44082
-1.18119
-0.480077
-0.940222
-1.74131
-0.52982
-0.453889
-1.38677
-1.28974
-0.224867
-0.254725
-0.992269
-1.84117
-0.0159447
0.47635
1.59492
0.696411
0.134564
0.497981
1.83984
0.3748
-0.176378
-0.569577
-2.00762
-0.500746
0.166865
0.839616
1.65846
0.164448
-0.0379634
0.038092
0.637757
2.04615
-0.252397
-0.902187
-1.60372
-0.794042
-0.718022
-1.536
-1.03285
-0.561476
-1.19255
-1.47955
-0.507898
-0.729857
-1.76573
-0.735654
-0.373211
-1.01232
-1.7489
-0.315822
-0.164758
-0.486216
-2.02344
-0.495645
0.333968
1.17453
1.22418
0.265048
0.509348
1.68327
0.576432
0.06729
0.323196
1.68605
0.608024
-0.288419
-0.89806
-1.8451
-0.39264
-0.181148
-0.521251
-2.03749
-0.47528
0.287591
1.11194
1.3119
0.214659
0.335993
1.47467
0.872867
-0.0452009
-0.180413
-0.699327
-2.19494
-0.087541
0.540662
1.50024
0.780506
0.331335
0.979328
1.46164
0.274782
0.330297
1.39392
0.973695
0.00987123
-0.0362521
0.100376
1.09645
1.33127
-0.48519
-1.14821
-1.45576
-0.676557
-0.920856
-1.62549
-0.761766
-0.692404
-1.54562
-1.03322
-0.521264
-1.12894
-1.56119
-0.482254
-0.613321
-1.70928
-0.864809
-0.275041
-0.629788
-1.96623
-0.527833
0.0280459
0.389571
1.82591
0.433138
-0.310836
-0.981232
-1.77953
-0.328758
-0.159363
-0.453977
-1.95699
-0.575501
0.322209
1.1336
1.27114
0.281541
0.505652
1.66327
0.60386
0.0866178
0.380825
1.77503
0.498336
-0.263763
-0.843558
-1.91307
-0.365351
-0.0650385
-0.00386072
0.357067
2.12146
0.0570717
-0.766715
-1.52411
-0.993357
-0.679683
-1.35488
-1.2579
-0.597347
-1.05129
-1.59271
-0.613574
-0.715693
-1.67435
-0.863531
-0.455117
-1.12807
-1.59094
-0.384413
-0.42584
-1.45297
-1.20895
-0.113826
0.0345822
0.495197
2.06881
0.0393717
-0.622472
-1.57625
-1.01162
-0.444105
-0.995446
-1.72283
-0.44537
-0.390792
-1.2904
-1.41918
-0.154764
-0.00146595
0.296122
1.85098
0.39552
-0.546072
-1.37627
-1.25834
-0.495772
-0.90625
-1.75055
-0.571855
-0.46523
-1.37753
-1.29941
-0.253953
-0.329556
-1.28439
-1.4293
0.00837007
0.426948
1.65099
0.643705
-0.0166775
-0.0142777
0.248138
1.8144
0.418974
-0.63356
-1.40968
-1.18126
-0.609777
-1.13218
-1.51664
-0.594373
-0.791764
-1.70802
-0.768323
-0.503822
-1.30094
-1.38146
-0.36935
-0.56159
-1.76029
-0.815965
-0.134288
-0.163313
-0.617599
-2.24886
-0.122123
0.569103
1.46328
0.808302
0.404684
1.09391
1.31127
0.326019
0.552598
1.652
0.594367
0.162157
0.648313
1.83161
0.231342
-0.14608
-0.456547
-1.91193
-0.632357
0.26115
1.02087
1.41594
0.250809
0.327601
1.41303
0.949874
-0.0117171
-0.0960821
-0.234233
-1.22023
-1.48689
0.348562
1.00971
1.31899
0.544586
0.787012
1.48493
0.628352
0.562331
1.41088
0.891701
0.392432
1.0092
1.40455
0.348334
0.5005
1.59403
0.693335
0.154955
0.566078
1.84313
0.31664
-0.13927
-0.428599
-1.81801
-0.744071
0.225608
0.929939
1.5191
0.266706
0.262871
1.22013
1.19683
-0.0113083
-0.181871
-0.674392
-2.18077
-0.159014
0.463427
1.44733
0.875499
0.263327
0.75628
1.68934
0.31326
0.130501
0.713093
1.83705
0.0801119
-0.329948
-1.15721
-1.59575
-0.154005
0.0799853
0.670666
1.92198
-0.0119108
-0.530681
-1.57815
-1.0402
-0.275015
-0.532681
-1.8418
-0.720073
0.011747
0.339486
1.69732
0.595646
-0.257789
-0.817648
-1.91762
-0.403766
-0.0947177
-0.128542
-0.460458
-2.20418
-0.26551
0.608189
1.36582
0.893055
0.536979
1.18415
1.16128
0.466047
0.884473
1.47644
0.496766
0.563863
1.51429
0.764558
0.319298
0.96543
1.48125
0.263808
0.293629
1.31165
1.07851
-0.00866798
-0.131294
-0.422815
-1.99331
-0.521378
0.440758
1.26342
1.08311
0.392862
0.856273
1.53872
0.424835
0.432872
1.44518
0.895764
0.171004
0.496374
1.7844
0.450428
-0.0897383
-0.245802
-1.10112
-1.68916
0.142867
0.738053
1.58884
0.511107
0.388812
1.30051
1.07927
0.191155
0.438619
1.69466
0.588127
-0.0568194
-0.147668
-0.546882
-2.24393
-0.191874
0.56547
1.42088
0.85788
0.438644
1.10575
1.28545
0.36837
0.643085
1.63998
0.545472
0.265896
0.99577
1.47126
0.152866
0.0867823
0.643769
1.94084
0.0177087
-0.504721
-1.52942
-1.1037
-0.266155
-0.471457
-1.72713
-0.864734
0.0213198
0.383141
1.72731
0.557344
-0.195818
-0.633332
-1.98749
-0.495633
0.0583286
0.500197
1.90198
0.285946
-0.283901
-0.939956
-1.84889
-0.267952
0.00443996
0.30421
1.78984
0.474413
-0.454256
-1.25392
-1.42563
-0.425638
-0.64199
-1.79193
-0.750438
-0.232107
-0.544503
-1.94129
-0.593246
0.114439
0.6744
1.81085
0.223077
-0.123232
-0.360237
-1.65701
-0.924552
0.264415
0.9721
1.44543
0.341106
0.449061
1.54391
0.771975
0.11859
0.405001
1.75478
0.52036
-0.19135
-0.618941
-1.99268
-0.497329
0.0814662
0.580166
1.88844
0.228557
-0.242866
-0.823964
-1.98205
-0.261788
0.138855
0.831199
1.70516
0.0418892
-0.297647
-1.08724
-1.69536
-0.112416
0.221482
1.18449
1.24418
-0.0634601
-0.341428
-1.33513
-1.3607
-0.00142039
0.389103
1.62352
0.684855
-0.0606321
-0.184447
-0.742198
-2.17457
-0.0275084
0.593582
1.52682
0.719346
0.371028
1.10407
1.31228
0.270656
0.451352
1.61783
0.680412
0.0510418
0.218039
1.36671
0.994542
-0.26799
-0.830597
-1.84446
-0.512796
-0.280939
-0.860253
-1.95078
-0.243878
0.132817
0.819351
1.72326
0.0306445
-0.330302
-1.19356
-1.55056
-0.113437
0.15917
1.00353
1.49252
-0.0961872
-0.49681
-1.65751
-0.950247
-0.12208
-0.0764012
-0.107753
-0.366553
-2.0728
-0.387995
0.666818
1.28266
0.940343
0.662426
1.20583
1.07573
0.608923
1.07028
1.24241
0.588076
0.894245
1.39911
0.623036
0.70484
1.45176
0.754634
0.533941
1.29215
1.0425
0.417215
0.926433
1.46974
0.419493
0.515575
1.54416
0.749394
0.225254
0.742091
1.72769
0.262175
0.0276991
0.305982
1.76263
0.508841
-0.41903
-1.19134
-1.50626
-0.407145
-0.540161
-1.68384
-0.913958
-0.168591
-0.248384
-1.04309
-1.77523
0.0688848
0.618986
1.63365
0.565673
0.263947
0.975594
1.49467
0.162423
0.0899087
0.650591
1.93198
0.0206338
-0.493608
-1.51537
-1.12274
-0.254725
-0.427511
-1.62701
-0.986459
0.033786
0.432277
1.75111
0.517879
-0.13275
-0.415917
-1.7227
-0.861797
0.157182
0.763963
1.68934
0.291857
0.109085
0.641047
1.90515
0.101781
-0.367616
-1.23999
-1.48221
-0.190488
-0.0655789
-0.035194
0.168637
1.63302
0.582976
-0.717554
-1.36348
-1.17398
-0.757678
-1.2462
-1.33425
-0.72692
-1.07935
-1.4993
-0.744274
-0.891441
-1.59043
-0.844684
-0.713314
-1.49449
-1.08417
-0.578475
-1.17504
-1.49006
-0.537858
-0.759323
-1.74814
-0.73835
-0.424676
-1.14863
-1.58094
-0.32043
-0.308557
-1.12222
-1.65182
-0.072341
0.294806
1.38924
0.979758
-0.047083
-0.216665
-0.869353
-2.01369
-0.0169927
0.534916
1.57403
0.695512
0.245809
0.834679
1.64453
0.225811
0.0748464
0.537232
1.97793
0.136462
-0.437903
-1.35918
-1.3202
-0.270497
-0.361933
-1.38551
-1.29398
-0.0008584
0.377901
1.62302
0.68674
-0.0842589
-0.268066
-1.15745
-1.60625
0.100908
0.655414
1.65289
0.506753
0.256657
0.999098
1.471
0.132564
0.043017
0.448896
2.01058
0.16827
-0.516492
-1.44348
-1.19972
-0.372603
-0.697555
-1.88079
-0.600739
-0.176465
-0.40469
-1.7265
-0.853
0.197509
0.856083
1.59353
0.290515
0.221937
1.06717
1.39873
0.00542091
-0.218488
-0.823939
-2.04533
-0.10604
0.412456
1.47138
0.863994
0.146677
0.442922
1.76389
0.499526
-0.136741
-0.428789
-1.75966
-0.818053
0.160448
0.775532
1.68415
0.277908
0.100148
0.613037
1.92819
0.110414
-0.385121
-1.27421
-1.43576
-0.208716
-0.136178
-0.401665
-1.90205
-0.627029
0.395862
1.19976
1.16729
0.373142
0.754533
1.61175
0.46249
0.341929
1.24773
1.15224
0.138576
0.25596
1.34873
1.02846
-0.135939
-0.492633
-1.75523
-0.829989
-0.00780475
0.284655
1.55277
0.769519
-0.242752
-0.769411
-1.91876
-0.471445
-0.12947
-0.26032
-1.20855
-1.52486
0.200331
0.826035
1.53695
0.471743
0.464402
1.44708
0.885106
0.222849
0.646705
1.76693
0.346384
0.0258714
0.260542
1.61023
0.687348
-0.378109
-1.08425
-1.62422
-0.435485
-0.480925
-1.53803
-1.09978
-0.170898
-0.181488
-0.677278
-2.20051
-0.118544
0.516993
1.48075
0.814592
0.316627
0.922813
1.52442
0.284098
0.285287
1.26798
1.13435
0.00545761
-0.110389
-0.308975
-1.58866
-0.980928
0.386293
1.11129
1.24545
0.457149
0.794872
1.53745
0.53289
0.482033
1.41721
0.915395
0.271731
0.748673
1.68732
0.331942
0.149829
0.774912
1.76807
0.0693532
-0.291381
-1.04895
-1.74396
-0.135315
0.193876
1.08592
1.37658
-0.0548837
-0.361212
-1.37095
-1.31406
-0.032522
0.296983
1.47075
0.876272
-0.122827
-0.428903
-1.6641
-0.93983
0.0577249
0.498665
1.79718
0.430505
-0.103528
-0.296723
-1.34171
-1.33792
0.178434
0.789809
1.59859
0.420392
0.344524
1.28912
1.10152
0.116464
0.224077
1.26924
1.12975
-0.157701
-0.567969
-1.82662
-0.730857
-0.0809477
0.00797389
0.391394
2.09336
0.0841116
-0.69472
-1.54372
-1.01324
-0.577804
-1.23094
-1.43297
-0.513353
-0.781917
-1.76991
-0.689531
-0.413892
-1.15728
-1.57511
-0.295077
-0.258725
-0.936691
-1.90383
-0.0930608
0.356333
1.44126
0.911408
0.0563123
0.1365
0.98915
1.51657
-0.191849
-0.70858
-1.80168
-0.695201
-0.312544
-0.852747
-1.92344
-0.327024
-0.00834775
0.244835
1.60365
0.68893
-0.418322
-1.15249
-1.53689
-0.461407
-0.605612
-1.72055
-0.853367
-0.251549
-0.55873
-1.92522
-0.610346
0.0680368
0.52703
1.87351
0.305678
-0.213906
-0.709327
-2.04179
-0.346985
0.143804
0.814491
1.71149
0.0933768
-0.206564
-0.729199
-2.09622
-0.222766
0.309628
1.26659
1.12982
0.111882
0.195952
1.16734
1.26608
-0.153263
-0.579057
-1.80712
-0.75183
-0.124829
-0.149638
-0.547515
-2.24241
-0.193632
0.562774
1.42075
0.859463
0.43529
1.09985
1.29304
0.366345
0.633099
1.64112
0.552611
0.257062
0.966329
1.50771
0.155398
0.0657078
0.542687
2.00248
0.0883139
-0.500759
-1.47348
-1.17036
-0.310506
-0.558173
-1.83016
-0.730059
-0.0505537
0.119767
0.98515
1.52226
-0.251435
-0.823395
-1.76409
-0.647875
-0.448193
-1.27535
-1.42652
-0.286027
-0.336872
-1.27153
-1.44753
-0.0259389
0.345764
1.53859
0.792898
-0.0669767
-0.231993
-0.970359
-1.88117
0.0459674
0.599696
1.61441
0.605683
0.273491
0.971759
1.4948
0.182662
0.130956
0.816491
1.7425
-0.0308183
-0.457116
-1.52005
-1.12239
-0.162783
-0.146924
-0.491772
-2.13811
-0.349972
0.475211
1.34367
0.985061
0.377028
0.909991
1.5048
0.376357
0.429404
1.48353
0.850197
0.135184
0.415557
1.74314
0.532865
-0.15724
-0.503683
-1.89205
-0.659912
0.12826
0.707157
1.77225
0.237303
-0.0569379
-0.0687315
-0.0729873
-0.106908
-0.419853
-2.37443
-0.0419821
0.826351
1.22646
0.891612
0.82549
1.22583
0.941014
0.778405
1.20089
1.00648
0.737433
1.15134
1.08767
0.706752
1.07726
1.1801
0.691778
0.982049
1.27228
0.69998
0.872576
1.34253
0.741888
0.758482
1.35949
0.83192
0.651464
1.29165
0.986175
0.565635
1.12729
1.20798
0.52098
0.890853
1.44062
0.554307
0.636377
1.49746
0.744331
0.423265
1.17267
1.21786
0.316133
0.614594
1.68124
0.511031
0.182738
0.769228
1.7444
0.15536
-0.131589
-0.397323
-1.80472
-0.749463
0.301476
1.06066
1.34987
0.317905
0.504399
1.62618
0.651426
0.127058
0.49769
1.85199
0.358295
-0.197274
-0.645369
-2.03939
-0.414562
0.14393
0.795189
1.72314
0.128463
-0.1552
-0.503999
-2.03774
-0.476976
0.318045
1.15905
1.24785
0.24267
0.444124
1.63922
0.655781
0.0157063
0.10025
0.875626
1.68618
-0.223082
-0.794587
-1.74763
-0.699631
-0.461584
-1.266
-1.43411
-0.316367
-0.404247
-1.46778
-1.18917
-0.0475843
0.225481
1.30443
1.08295
-0.172441
-0.600195
-1.86041
-0.678063
-0.0919634
-0.0466742
0.0680368
0.942064
1.57277
-0.495266
-1.13464
-1.43449
-0.743615
-0.972561
-1.55853
-0.802725
-0.797181
-1.5555
-0.964651
-0.646888
-1.34969
-1.27724
-0.556603
-0.983295
-1.66599
-0.599119
-0.607486
-1.59916
-1.00088
-0.358579
-0.794688
-1.90205
-0.470052
-0.160884
-0.396108
-1.7489
-0.820661
0.246733
0.957646
1.47569
0.300831
0.359092
1.43138
0.925129
0.0415121
0.0833269
0.740357
1.87009
-0.132342
-0.689138
-1.717
-0.814522
-0.39826
-1.02585
-1.72169
-0.352111
-0.252169
-0.85981
-1.98331
-0.158097
0.291021
1.28481
1.1108
0.0449017
0.0142722
0.361801
1.99312
0.223798
-0.589829
-1.46765
-1.14456
-0.488633
-0.984561
-1.70523
-0.514049
-0.489165
-1.48107
-1.16907
-0.230639
-0.332404
-1.33025
-1.36564
0.0411817
0.496361
1.71023
0.544738
0.0223577
0.166777
1.20887
1.19849
-0.296874
-0.892238
-1.76599
-0.556527
-0.432688
-1.31097
-1.38677
-0.232562
-0.224512
-0.837027
-2.03799
-0.080358
0.44696
1.51176
0.806276
0.171928
0.552281
1.81617
0.369003
-0.0916799
-0.241169
-1.09673
-1.69536
0.161802
0.769292
1.56315
0.511474
0.434745
1.37443
0.980112
0.223342
0.585596
1.76529
0.414506
0.0211325
0.212698
1.42898
0.906459
-0.347592
-1.00096
-1.69675
-0.484887
-0.468774
-1.46259
-1.19429
-0.202337
-0.236398
-0.930387
-1.92977
-0.011926
0.512829
1.59036
0.686399
0.196104
0.698385
1.7768
0.248379
-0.0520422
-0.0491702
0.0564275
0.901371
1.63732
-0.523681
-1.1478
-1.39968
-0.782106
-1.02098
-1.50676
-0.821028
-0.875024
-1.54081
-0.926704
-0.739489
-1.44436
-1.12983
-0.636319
-1.2042
-1.43512
-0.599005
-0.883833
-1.69042
-0.704036
-0.585437
-1.48512
-1.14331
-0.399133
-0.799561
-1.86358
-0.528023
-0.249789
-0.731553
-2.04495
-0.312608
0.167093
0.897131
1.61289
0.072758
-0.177793
-0.615434
-2.14115
-0.291065
0.354333
1.28684
1.09419
0.199559
0.450365
1.69909
0.579242
-0.0420226
-0.0900307
-0.204995
-1.07729
-1.71194
0.354055
0.994453
1.30329
0.604202
0.828996
1.42746
0.666539
0.651262
1.41734
0.836287
0.50064
1.19712
1.16231
0.413759
0.819174
1.55112
0.4703
0.443087
1.42063
0.922762
0.20628
0.57814
1.78237
0.396052
-0.0144385
0.0721125
0.783
1.82984
-0.252561
-0.863291
-1.68169
-0.725034
-0.594854
-1.48056
-1.14588
-0.41674
-0.837773
-1.83839
-0.519175
-0.29447
-0.90606
-1.90205
-0.232714
0.107806
0.736686
1.82541
0.0354403
-0.390007
-1.33703
-1.35741
-0.158302
-0.0374584
0.110692
1.12803
1.2881
-0.46461
-1.13313
-1.48411
-0.650116
-0.871986
-1.65929
-0.764513
-0.623598
-1.48335
-1.13339
-0.459142
-0.936779
-1.75713
-0.504126
-0.41098
-1.29715
-1.40766
-0.195919
-0.116677
-0.304507
-1.54765
-1.03623
0.36294
1.08083
1.28342
0.448479
0.747926
1.56315
0.552193
0.434353
1.34063
1.02029
0.243822
0.609202
1.74757
0.418721
0.0647839
0.388306
1.84427
0.410367
-0.339631
-1.05686
-1.69055
-0.326176
-0.233119
-0.796295
-2.05268
-0.170362
0.326335
1.32975
1.05082
0.0926047
0.182231
1.13925
1.3038
-0.172521
-0.631674
-1.83117
-0.701656
-0.178328
-0.369262
-1.58651
-1.02366
0.16484
0.771329
1.65947
0.337512
0.193825
0.931382
1.57505
0.0432043
-0.217475
-0.795789
-2.06014
-0.153197
0.355637
1.38063
0.984454
0.113249
0.277212
1.4567
0.89103
-0.175537
-0.587778
-1.89294
-0.641585
-0.0281046
0.18856
1.30038
1.07578
-0.300849
-0.900706
-1.77624
-0.524643
-0.398602
-1.24448
-1.47563
-0.205792
-0.107942
-0.253789
-1.28436
-1.39778
0.316678
0.987327
1.36443
0.498538
0.705714
1.53923
0.633288
0.446922
1.29355
1.07197
0.290907
0.678538
1.69959
0.417101
0.170928
0.792328
1.73478
0.107009
-0.201071
-0.702365
-2.10634
-0.247701
0.302539
1.23937
1.1638
0.12035
0.200407
1.17314
1.25849
-0.144362
-0.555629
-1.78725
-0.782461
-0.105303
-0.0682993
-0.0631243
-0.0284666
0.282756
2.21222
-0.0621026
-0.944032
-1.38082
-1.02349
-0.938058
-1.37488
-1.08263
-0.886517
-1.33893
-1.16148
-0.843343
-1.27293
-1.25881
-0.814041
-1.17861
-1.36652
-0.806155
-1.06238
-1.46462
-0.830635
-0.934982
-1.5179
-0.903566
-0.810155
-1.48208
-1.04635
-0.703935
-1.32904
-1.27512
-0.637433
-1.07698
-1.55056
-0.648432
-0.791093
-1.66789
-0.823483
-0.547477
-1.33475
-1.32942
-0.421448
-0.710833
-1.83662
-0.652508
-0.257105
-0.686695
-2.02723
-0.396462
0.106224
0.679754
1.84553
0.142576
-0.253789
-0.887821
-1.93471
-0.199451
0.188421
1.01791
1.46467
0.00211101
-0.255789
-0.974308
-1.85674
-0.0727763
0.373104
1.48176
0.859817
0.0541226
0.151828
1.06655
1.40455
-0.211387
-0.732211
-1.82079
-0.652356
-0.305431
-0.856342
-1.92825
-0.307798
0.021397
0.373674
1.88831
0.356333
-0.425473
-1.24493
-1.45133
-0.359073
-0.487469
-1.63587
-0.978295
-0.10288
-0.00320507
0.309969
1.94363
0.283376
-0.623295
-1.45436
-1.14279
-0.554553
-1.09383
-1.57866
-0.542718
-0.670507
-1.70624
-0.846051
-0.364528
-0.912718
-1.83965
-0.375439
-0.166529
-0.464065
-1.95496
-0.579665
0.296135
1.09393
1.32468
0.259783
0.419898
1.58542
0.727826
0.0269865
0.113553
0.925015
1.61188
-0.219032
-0.775841
-1.76953
-0.686164
-0.416461
-1.16651
-1.56372
-0.294077
-0.264573
-0.963473
-1.86952
-0.0844741
0.356282
1.45151
0.898878
0.0460674
0.108958
0.867842
1.69352
-0.173408
-0.708339
-1.76409
-0.744147
-0.363667
-0.978877
-1.78624
-0.322366
-0.142698
-0.378097
-1.75827
-0.799839
0.312577
1.06588
1.33683
0.341701
0.554864
1.63897
0.610189
0.180864
0.699309
1.79123
0.217292
-0.102827
-0.271079
-1.29048
-1.40171
0.237455
0.885929
1.48986
0.452377
0.517866
1.51821
0.780354
0.251151
0.790974
1.67554
0.267251
0.0980727
0.611277
1.93224
0.105857
-0.39445
-1.29669
-1.40614
-0.213171
-0.163137
-0.540895
-2.15204
-0.320607
0.428012
1.33633
1.01303
0.302767
0.747281
1.66504
0.377572
0.216634
0.976708
1.51214
0.0623536
-0.139473
-0.443598
-1.97534
-0.550274
0.368497
1.19714
1.1843
0.319513
0.648034
1.67985
0.482223
0.204242
0.858994
1.6482
0.126147
-0.0980415
-0.243043
-1.18304
-1.55701
0.256062
0.904953
1.44632
0.501095
0.606138
1.52961
0.72189
0.359346
1.07998
1.34304
0.264783
0.414861
1.57201
0.745192
0.0303901
0.118717
0.945646
1.58112
-0.21931
-0.771765
-1.77687
-0.679569
-0.402449
-1.13417
-1.60562
-0.288242
-0.222386
-0.776917
-2.08065
-0.155292
0.369535
1.39341
0.966404
0.132172
0.342802
1.60542
0.710157
-0.154411
-0.507126
-1.85117
-0.710668
0.0704923
0.532194
1.85022
0.334765
-0.166403
-0.533744
-1.98901
-0.534681
0.196965
0.908586
1.57024
0.182978
0.0706948
0.546712
1.99059
0.103047
-0.474546
-1.43297
-1.22433
-0.289267
-0.468331
-1.68333
-0.919261
-0.0147397
0.274377
1.50505
0.828579
-0.222639
-0.71563
-1.92889
-0.514024
-0.104537
-0.140942
-0.524403
-2.26216
-0.178037
0.607581
1.40961
0.8464
0.499361
1.18759
1.17325
0.415975
0.812479
1.55378
0.476667
0.441745
1.41341
0.931761
0.209052
0.579811
1.77959
0.398571
-0.00849331
0.0960095
0.911839
1.63327
-0.288786
-0.895655
-1.69549
-0.667659
-0.579741
-1.50676
-1.11927
-0.376552
-0.762171
-1.88838
-0.531807
-0.197185
-0.519694
-1.98243
-0.545465
0.214837
0.947672
1.51973
0.193699
0.132577
0.813656
1.7444
-0.0223987
-0.442206
-1.48866
-1.16243
-0.15492
-0.10681
-0.270016
-1.4112
-1.20896
0.374218
1.06459
1.28076
0.500298
0.799492
1.50771
0.57628
0.533017
1.43063
0.880575
0.338891
0.920268
1.51543
0.318475
0.344828
1.38316
0.985998
0.0495773
0.0828459
0.727003
1.88439
-0.116354
-0.669279
-1.70764
-0.836685
-0.382641
-0.968866
-1.78282
-0.364579
-0.212944
-0.679341
-2.11229
-0.269573
0.299122
1.22089
1.18647
0.129855
0.212913
1.20824
1.2114
-0.137135
-0.528403
-1.76637
-0.813155
-0.0745592
0.050695
0.621593
2.02299
-0.119808
-0.735464
-1.67017
-0.844241
-0.506303
-1.24715
-1.44183
-0.401842
-0.583019
-1.75384
-0.818901
-0.179683
-0.325619
-1.39766
-1.26815
0.128615
0.68974
1.68959
0.412342
0.189003
0.858285
1.65833
0.092225
-0.169743
-0.574716
-2.11938
-0.349466
0.340499
1.24077
1.15051
0.212622
0.445086
1.67592
0.609746
-0.023696
-0.0299108
0.157714
1.4548
0.824604
-0.587474
-1.29337
-1.30478
-0.656267
-1.06488
-1.54993
-0.674177
-0.804434
-1.64992
-0.837546
-0.578741
-1.37045
-1.27881
-0.451193
-0.809117
-1.81776
-0.590234
-0.345048
-1.02965
-1.747
-0.245055
-0.0326815
0.133463
1.1946
1.19988
-0.423929
-1.09534
-1.54702
-0.5996
-0.760943
-1.7003
-0.801991
-0.482494
-1.23266
-1.46613
-0.371224
-0.501923
-1.65245
-0.956993
-0.119334
-0.0649466
-0.0414366
0.134931
1.49543
0.73194
-0.727262
-1.32756
-1.1947
-0.800358
-1.2384
-1.31842
-0.776221
-1.11167
-1.4455
-0.785119
-0.965423
-1.5355
-0.846279
-0.817598
-1.52562
-0.988573
-0.688809
-1.36564
-1.24202
-0.604777
-1.07379
-1.57043
-0.612409
-0.743021
-1.68574
-0.832824
-0.477482
-1.19895
-1.50563
-0.381337
-0.491304
-1.61853
-0.99961
-0.12661
-0.0754131
-0.100878
-0.313658
-1.85079
-0.619194
0.624922
1.23823
1.00336
0.657059
1.1504
1.13715
0.619138
1.01525
1.28709
0.615188
0.85183
1.40847
0.667299
0.68288
1.42025
0.811719
0.534435
1.2476
1.09267
0.437593
0.911699
1.47113
0.451162
0.541333
1.53707
0.746939
0.268656
0.858893
1.60935
0.247923
0.144234
0.816579
1.73238
0.0114939
-0.371781
-1.31708
-1.38487
-0.122112
0.0731124
0.665615
1.94148
-0.0472058
-0.593588
-1.64131
-0.947538
-0.333302
-0.758652
-1.93319
-0.464723
-0.0996135
-0.133683
-0.485456
-2.22975
-0.232094
0.603822
1.38367
0.876753
0.517195
1.1804
1.17377
0.442188
0.84559
1.5172
0.488742
0.502044
1.47391
0.840401
0.262517
0.778633
1.67592
0.294932
0.129767
0.722966
1.83085
0.066847
-0.344618
-1.20542
-1.53157
-0.151302
0.056954
0.57347
2.00729
0.0303242
-0.552363
-1.55752
-1.05848
-0.338074
-0.702352
-1.92091
-0.540199
-0.111443
-0.162138
-0.649432
-2.27038
-0.0372432
0.645148
1.47531
0.747369
0.479375
1.24444
1.11763
0.363801
0.781025
1.60504
0.433518
0.34222
1.27279
1.12172
0.122818
0.23062
1.28393
1.11109
-0.151126
-0.547705
-1.81079
-0.755222
-0.0620513
0.0828585
0.799036
1.79921
-0.204881
-0.785461
-1.727
-0.735578
-0.484975
-1.28872
-1.40095
-0.344339
-0.491582
-1.66283
-0.944817
-0.0874625
0.039054
0.543966
2.07552
-0.0456325
-0.688379
-1.63005
-0.919072
-0.489633
-1.15842
-1.54474
-0.421853
-0.533339
-1.6565
-0.948487
-0.17994
-0.273028
-1.14818
-1.6203
0.0790234
0.614429
1.66517
0.526714
0.212963
0.855425
1.64631
0.147512
-0.0574002
-0.0512055
0.0477711
0.85664
1.71364
-0.52782
-1.14359
-1.39032
-0.804712
-1.03335
-1.48487
-0.8389
-0.902971
-1.52221
-0.927463
-0.778942
-1.45791
-1.0934
-0.67862
-1.27207
-1.3469
-0.626421
-0.998572
-1.61473
-0.670165
-0.712466
-1.6284
-0.922907
-0.490279
-1.15687
-1.546
-0.423625
-0.535187
-1.65789
-0.946563
-0.182342
-0.281913
-1.18742
-1.56322
0.0840736
0.617366
1.67491
0.51074
0.199382
0.823642
1.68529
0.144462
-0.0955379
-0.232411
-1.11756
-1.65941
0.235658
0.875727
1.4648
0.518588
0.58938
1.50986
0.756812
0.356333
1.04768
1.37949
0.27687
0.406963
1.54619
0.778278
0.0395097
0.137032
1.02169
1.46898
-0.223943
-0.765665
-1.79991
-0.6529
-0.361946
-1.03737
-1.72979
-0.27518
-0.104587
-0.211918
-1.01103
-1.82851
0.22176
0.858336
1.45708
0.559496
0.612695
1.48733
0.77195
0.403887
1.12091
1.28215
0.312134
0.55375
1.66555
0.575963
0.1465
0.606695
1.85844
0.245657
-0.181115
-0.595841
-2.06369
-0.414069
0.225697
1.01078
1.45252
0.14512
0.0831623
0.633061
1.95236
0.0182491
-0.513682
-1.53765
-1.0921
-0.277952
-0.51248
-1.79902
-0.775221
0.00467792
0.320323
1.64643
0.657312
-0.24746
-0.785372
-1.92927
-0.432941
-0.0954442
-0.124083
-0.428334
-2.13343
-0.348137
0.585798
1.34025
0.931989
0.532156
1.14819
1.20165
0.473186
0.854159
1.49328
0.519132
0.549206
1.48758
0.804618
0.320956
0.939546
1.50619
0.28106
0.298514
1.30722
1.084
0.00611833
-0.089194
-0.195071
-0.964132
-1.90496
0.267795
0.909624
1.38569
0.601341
0.721915
1.46505
0.722599
0.538586
1.32089
1.00757
0.409722
0.944203
1.45809
0.40171
0.511107
1.55568
0.736939
0.20809
0.701562
1.76402
0.267656
-0.0163004
0.106097
1.00196
1.49277
-0.344377
-0.974055
-1.6465
-0.637458
-0.653584
-1.6141
-0.966802
-0.418879
-0.970321
-1.75852
-0.423385
-0.321708
-1.07828
-1.70283
-0.148673
0.144386
0.918927
1.60669
-0.0555761
-0.446598
-1.53626
-1.10287
-0.119875
-0.019328
0.214546
1.64985
0.608126
-0.567716
-1.3305
-1.28873
-0.58169
-1.00499
-1.63625
-0.617181
-0.659469
-1.63562
-0.93826
-0.410841
-0.971081
-1.76308
-0.410196
-0.299254
-1.00509
-1.79978
-0.151933
0.188408
1.05466
1.41847
-0.0402607
-0.339669
-1.29393
-1.41702
-0.0382672
0.306767
1.46961
0.878474
-0.0951227
-0.342681
-1.41399
-1.25158
0.0754034
0.566787
1.74174
0.459744
0.0526581
0.320576
1.71883
0.566584
-0.331961
-1.00861
-1.73029
-0.3794
-0.288546
-0.988434
-1.8251
-0.136588
0.232886
1.18598
1.24165
-0.0275996
-0.24322
-0.95531
-1.89016
-0.035637
0.456276
1.56732
0.736952
0.130843
0.463566
1.81414
0.427024
-0.176569
-0.569185
-1.99205
-0.521112
0.143842
0.771393
1.7325
0.176384
-0.0884206
-0.202273
-0.935134
-1.94813
0.175308
0.805352
1.48809
0.582608
0.565141
1.44784
0.845755
0.37199
1.0094
1.41328
0.319488
0.448668
1.56429
0.747027
0.0991612
0.3537
1.69048
0.604645
-0.221209
-0.711567
-1.97331
-0.451864
-0.0124335
0.231038
1.50948
0.80677
-0.364465
-1.04263
-1.6608
-0.463407
-0.48314
-1.51537
-1.12759
-0.193083
-0.238727
-0.954449
-1.89889
0.00727521
0.536688
1.60644
0.654755
0.210622
0.762204
1.72655
0.218482
-0.0234011
0.0900353
0.930458
1.60352
-0.344289
-0.975182
-1.6284
-0.667038
-0.690442
-1.61802
-0.94631
-0.468609
-1.09578
-1.61802
-0.423486
-0.46828
-1.52132
-1.1215
-0.15686
-0.128796
-0.393577
-1.92674
-0.591588
0.445707
1.2438
1.09945
0.42005
0.882246
1.50391
0.444365
0.493994
1.50303
0.807884
0.227317
0.709296
1.74314
0.294224
0.036801
0.331183
1.80161
0.46468
-0.403804
-1.1761
-1.53119
-0.381084
-0.469812
-1.57018
-1.06058
-0.120522
-0.0353585
0.126602
1.25076
1.10321
-0.51834
-1.20299
-1.40905
-0.650951
-0.955639
-1.62549
-0.717212
-0.701391
-1.58575
-0.980713
-0.507189
-1.14473
-1.55157
-0.454699
-0.58145
-1.69713
-0.888998
-0.23255
-0.477077
-1.80219
-0.771487
0.0874785
0.582621
1.82845
0.320196
-0.1054
-0.291432
-1.35045
-1.32168
0.210521
0.846717
1.54366
0.421949
0.423607
1.43392
0.911535
0.163093
0.464224
1.76478
0.490906
-0.104811
-0.309658
-1.37968
-1.28783
0.165283
0.765267
1.62795
0.40757
0.291983
1.174
1.25152
0.0876683
0.0652015
0.594582
2.00337
-0.00348733
-0.583234
-1.59904
-1.00052
-0.35625
-0.7886
-1.9056
-0.472305
-0.155192
-0.370717
-1.6684
-0.914515
0.242961
0.937027
1.49037
0.32593
0.381407
1.45088
0.8987
0.0711758
0.189725
1.20659
1.20963
-0.210475
-0.70839
-1.86028
-0.616915
-0.222918
-0.578488
-2.01167
-0.492329
0.162195
0.828794
1.67238
0.160992
-0.0561249
-0.0480741
0.0684165
1.00121
1.46417
-0.568286
-1.18833
-1.36057
-0.779132
-1.06564
-1.47879
-0.802523
-0.920033
-1.54233
-0.884403
-0.778765
-1.49082
-1.05467
-0.662596
-1.29121
-1.33399
-0.599727
-0.984156
-1.63992
-0.647837
-0.667988
-1.61752
-0.956828
-0.437346
-1.02022
-1.70536
-0.419803
-0.375072
-1.26481
-1.45398
-0.136036
0.0628093
0.609341
1.98894
-0.00603146
-0.573754
-1.59764
-1.00533
-0.340416
-0.74235
-1.92547
-0.495569
-0.117573
-0.201451
-0.887441
-2.01483
0.113312
0.730661
1.53226
0.602835
0.478768
1.35747
0.987264
0.304008
0.769114
1.65238
0.363358
0.225849
1.01793
1.45923
0.0526442
-0.132802
-0.413512
-1.91205
-0.619903
0.373281
1.18119
1.19712
0.346676
0.685741
1.65352
0.482413
0.263403
1.03646
1.42518
0.120995
0.047018
0.476591
2.02463
0.127058
-0.530364
-1.47816
-1.15605
-0.368578
-0.717529
-1.89142
-0.569982
-0.173548
-0.406183
-1.74118
-0.834622
0.208533
0.881486
1.56657
0.287983
0.247607
1.15262
1.28507
0.00317676
-0.176406
-0.639344
-2.18229
-0.203906
0.440023
1.40797
0.928863
0.258884
0.708536
1.71668
0.345258
0.114337
0.627719
1.90135
0.135387
-0.327531
-1.11961
-1.64081
-0.190701
0.0171125
0.375471
1.9554
0.270415
-0.515593
-1.39576
-1.25207
-0.416145
-0.758551
-1.85104
-0.592373
-0.267876
-0.761133
-2.01356
-0.323113
0.112211
0.718953
1.82376
0.0951741
-0.295988
-1.04856
-1.7408
-0.155743
0.148613
0.927331
1.59416
-0.0477754
-0.424777
-1.4912
-1.15992
-0.105394
0.0441233
0.548573
2.05451
-0.0140322
-0.640762
-1.61549
-0.95898
-0.435763
-1.01501
-1.7108
-0.4206
-0.370414
-1.24904
-1.47499
-0.136662
0.0697962
0.639478
1.96109
-0.0189394
-0.568197
-1.6065
-0.99661
-0.321468
-0.694429
-1.93825
-0.521808
-0.0750349
-0.0162712
0.262833
1.90186
0.3175
-0.686214
-1.4455
-1.11907
-0.650318
-1.22642
-1.40652
-0.608043
-0.921919
-1.66929
-0.690303
-0.627016
-1.546
-1.05826
-0.426384
-0.922476
-1.78839
-0.467685
-0.335087
-1.08948
-1.68397
-0.173945
0.0784791
0.6523
1.93262
0.0141697
-0.502645
-1.53043
-1.10306
-0.260712
-0.455724
-1.69612
-0.902402
0.0284661
0.40876
1.7482
0.527283
-0.171458
-0.552325
-1.95066
-0.579234
0.11092
0.665388
1.82047
0.220963
-0.138491
-0.425131
-1.84725
-0.705947
0.268175
1.01688
1.4129
0.27944
0.382179
1.49948
0.839034
0.0321469
0.087719
0.777759
1.82313
-0.160784
-0.719984
-1.73282
-0.776335
-0.416233
-1.09946
-1.63802
-0.335922
-0.295026
-1.05275
-1.74536
-0.0949088
0.281098
1.33405
1.04969
-0.0308006
-0.188028
-0.719807
-2.16647
-0.102241
0.502513
1.49556
0.803973
0.28044
0.847755
1.61175
0.274516
0.180105
0.933419
1.57859
0.00557659
-0.301469
-1.12904
-1.64169
-0.0770164
0.280478
1.3581
1.01902
-0.0562473
-0.255903
-1.04515
-1.7689
0.0219754
0.529397
1.63593
0.62196
0.164941
0.640668
1.83022
0.245872
-0.133483
-0.403968
-1.78219
-0.781296
0.256922
0.982555
1.44873
0.295135
0.375965
1.47126
0.874386
0.0435663
0.111084
0.882815
1.67225
-0.181407
-0.718212
-1.76865
-0.731705
-0.368161
-1.00048
-1.7632
-0.31481
-0.15045
-0.418537
-1.88104
-0.660925
0.32531
1.11455
1.28696
0.311855
0.548953
1.66327
0.581773
0.143715
0.593798
1.86249
0.255669
-0.184576
-0.608055
-2.06445
-0.405804
0.215951
0.991086
1.47923
0.136247
0.0454308
0.458263
2.01236
0.159473
-0.514011
-1.44563
-1.19814
-0.365351
-0.681126
-1.88142
-0.611371
-0.160287
-0.335973
-1.49677
-1.1318
0.189218
0.816402
1.60049
0.367548
0.301426
1.23317
1.17668
0.0668597
0.046532
0.51698
2.0521
0.0393223
-0.59879
-1.57157
-1.02644
-0.40936
-0.905642
-1.81105
-0.454572
-0.291799
-0.942272
-1.87117
-0.190491
0.158043
0.932457
1.58226
-0.013836
-0.345795
-1.27788
-1.43829
-0.0766618
0.213039
1.21355
1.20482
-0.122059
-0.487785
-1.70814
-0.88834
-0.0477172
0.160043
1.13024
1.31304
-0.234815
-0.771689
-1.82548
-0.611068
-0.321582
-0.937956
-1.85218
-0.268421
0.00647526
0.313235
1.8087
0.452921
-0.454066
-1.25964
-1.42044
-0.41841
-0.632535
-1.79105
-0.75564
-0.219336
-0.496253
-1.8756
-0.680632
0.127716
0.703499
1.77187
0.244999
-0.0486665
-0.0331561
0.162321
1.54378
0.700765
-0.6569
-1.33918
-1.2281
-0.708099
-1.17326
-1.42981
-0.69329
-0.959917
-1.59676
-0.758399
-0.744539
-1.57511
-0.971713
-0.570691
-1.25404
-1.41108
-0.493557
-0.772107
-1.78535
-0.675937
-0.383995
-1.08557
-1.66739
-0.285027
-0.170997
-0.533617
-2.10191
-0.389463
0.361143
1.24785
1.13504
0.252416
0.548307
1.72149
0.504361
0.0630245
0.340511
1.74276
0.539067
-0.311772
-0.965246
-1.78371
-0.367161
-0.215754
-0.690151
-2.10812
-0.262358
0.296072
1.21988
1.18841
0.122754
0.192977
1.14033
1.30329
-0.138275
-0.549351
-1.77092
-0.803915
-0.112047
-0.0865942
-0.171907
-0.843165
-2.10558
0.260428
0.90332
1.35417
0.660198
0.765963
1.41506
0.751774
0.620074
1.34456
0.941887
0.503918
1.11474
1.24899
0.450162
0.78405
1.5472
0.531536
0.46511
1.3986
0.9429
0.257315
0.695094
1.72301
0.354523
0.10873
0.599645
1.91565
0.156322
-0.328467
-1.11207
-1.64853
-0.203805
-0.00822624
0.252923
1.6977
0.571116
-0.493975
-1.27802
-1.37905
-0.493063
-0.799586
-1.78548
-0.650141
-0.400184
-1.15002
-1.5884
-0.27337
-0.201881
-0.691214
-2.14204
-0.202046
0.383736
1.37139
0.988681
0.183484
0.475072
1.74794
0.508158
-0.0659436
-0.164237
-0.651065
-2.25583
-0.0614089
0.614366
1.48176
0.760153
0.440707
1.18543
1.1976
0.335689
0.666501
1.66517
0.485463
0.237114
0.958405
1.52505
0.120982
-0.0187356
0.147322
1.27317
1.08857
-0.445041
-1.13232
-1.5136
-0.586411
-0.787397
-1.71384
-0.763918
-0.493051
-1.28326
-1.405
-0.361098
-0.526162
-1.71143
-0.882061
-0.114637
-0.0722081
-0.0847855
-0.194385
-1.12315
-1.61283
0.488223
1.06859
1.1741
0.698474
0.98758
1.26367
0.705359
0.882663
1.33316
0.743521
0.772481
1.35493
0.826047
0.66783
1.2995
0.967759
0.581621
1.15267
1.1741
0.53165
0.932268
1.40392
0.549079
0.685095
1.5053
0.69855
0.466781
1.26785
1.09527
0.334271
0.7468
1.64251
0.419759
0.275124
1.1186
1.32316
0.0899087
0.0323064
0.424392
2.02185
0.166739
-0.554451
-1.47512
-1.15103
-0.418537
-0.837976
-1.83687
-0.521568
-0.298115
-0.917692
-1.88889
-0.230803
0.100288
0.709802
1.85566
0.0406539
-0.404399
-1.36234
-1.32357
-0.175121
-0.0990503
-0.218108
-1.09749
-1.68574
0.29573
0.944684
1.37797
0.557015
0.721105
1.49606
0.680488
0.50769
1.32684
1.01291
0.363624
0.864981
1.5491
0.382964
0.382838
1.39974
0.960709
0.113135
0.28935
1.49417
0.844919
